手术	4770	5.247927513443585	3.1579619086843436	0.22858341197441542
结节	2308	5.857980995127572	2.1607551643588163	0.27110060769750166
淋巴结	1180	5.247927513443585	3.4505518885762134	0.1637407157326131
可以	1176	6.845490050944376	4.665252816104826	0.13683818046234153
检查	860	7.03342300153745	3.5015012926285523	0.17052229906987837
咨询	802	8.159871336778389	2.7975951965487784	0.10510046367851623
肿瘤	757	3.700439718141092	3.502573907042021	0.12223071046600459
宝宝	710	6.285402218862249	2.756837188813303	0.17947751821150465
做手术	702	4.08746284125034	2.7670787684506335	0.3615637159533074
帮我	616	4.392317422778761	3.0454090321656846	0.17429163787145818
看看	608	5.044394119358453	3.2490598708719753	0.27752003374103756
耳朵	587	6.491853096329675	2.781184882486963	0.1814553269880258
复发	564	5.459431618637297	2.4772387740536495	0.18409496065046307
患者	551	8.098032082960527	3.465710555922944	0.2167381974248927
一下	544	4.643856189774724	3.824584349541181	0.22211742513558122
严重	541	8.312882955284357	2.2118791019721575	0.10340160606334026
怎样	538	4.700439718141093	3.08020355418198	0.375
声带	535	7.7073591320808825	2.0113032082393536	0.13601127554615927
恶性	505	6.357552004618085	2.891088082224258	0.38213978626704337
情况	465	8.08746284125034	2.426434679839549	0.1668147771994414
帮忙	457	6.6865005271832185	3.3132338859076294	0.30849220103986136
给我	443	4.392317422778761	3.160389998980039	0.17429163787145818
切除	442	7.636624620543649	3.435214846543976	0.22543950361944157
确诊	416	5.129283016944966	3.5253241574977867	0.2545018007202881
复查	400	5.129283016944966	3.240223611196076	0.2526232429221936
甲亢	400	5.0	2.295904632193808	0.21259940357852883
耳鸣	380	6.409390936137703	3.0341676116398406	0.1814553269880258
听力	369	8.357552004618084	4.03914009394597	0.3283357485230186
能否	366	3.4594316186372978	3.4429759289951267	0.1690964722822174
畸形	364	8.945443836377912	2.1930362490446202	0.27221412964311725
扁桃体	361	7.679480099505446	3.0034796780542226	0.2799803004186161
应该	357	7.409390936137703	3.1312594494501305	0.1856925418569254
喉咙	356	7.622051819456376	2.040246527043934	0.3047034764826176
病情	346	5.643856189774724	3.603959642208921	0.11332755131540907
原因	336	8.543031820255239	2.001613555173127	0.3235017257609037
耳聋	335	6.303780748177103	2.770259874191036	0.1814553269880258
时间	317	7.857980995127572	2.883680810243438	0.30235402017731583
影响	315	9.207014320177533	3.3606449592925864	0.10207113519182033
求助	315	5.700439718141093	2.2074605838250836	0.2432012432012432
脖子	312	7.05528243550119	2.060412614444541	0.16560509554140126
吃药	301	5.247927513443585	3.6634507079284826	0.15104774780310945
穿刺	300	9.041659151637216	3.8328139398864383	0.26
中耳炎	298	6.491853096329675	3.045865029727108	0.39124830966869506
左侧	298	6.523561956057013	2.473908385393547	0.20607375271149675
甲减	288	4.643856189774724	3.1266997985960345	0.12002487562189054
肿块	285	5.459431618637297	2.2086335716031833	0.12223071046600459
神经	273	8.67595703294175	3.9409714890650975	0.10181178023912565
右侧	267	6.523561956057013	2.9901058135703584	0.20607375271149675
结果	265	4.584962500721157	3.0754109861353656	0.27110060769750166
细胞	251	9.430452551665532	3.123907743859528	0.34596794708725515
咽炎	246	4.321928094887363	2.262527001820425	0.4088397790055249
得到	243	5.523561956057013	2.9253235653134495	0.14096749811035525
可能	230	3.1699250014423126	2.839040178556772	0.26610871130309577
正常	223	8.204571144249204	2.7232643405107266	0.10207732829738594
住院	221	7.10852445677817	3.8233088011479786	0.21917148362235067
帮帮我	220	5.357552004618084	2.4083908988464766	0.17429163787145818
教授	219	9.594324603924848	4.120241618984093	0.14664664664664664
引起	218	8.92481250360578	2.8228717259120097	0.31665098777046097
恢复	214	7.05528243550119	3.7903462657184765	0.19462983082415025
疼痛	214	7.076815597050832	2.375671344101725	0.2231404958677686
多发	207	4.392317422778761	3.1574557233644183	0.18409496065046307
尽快	207	8.92184093707449	3.8664768990386045	0.121415170195658
嗓子	197	7.022367813028454	2.4040001301115916	0.2413793103448276
小孩	197	5.857980995127572	2.253940821477002	0.3563612759643917
根治	196	4.08746284125034	2.5335778137395923	0.10824195259992925
注意	190	9.022367813028454	2.5852569570146424	0.30544056771141337
发炎	187	3.3219280948873626	2.577383437724394	0.13878864298447757
我们	186	5.554588851677638	3.3059954584944986	0.5335176226675881
放疗	185	4.643856189774724	2.7098137642874733	0.28833922261484096
大概	184	5.614709844115208	2.559380318212836	0.11155378486055777
疑似	181	8.94251450533924	2.390450532928585	0.27161572052401745
声音	179	7.375039431346925	3.057933023778987	0.13601127554615927
混合	178	8.960001932068081	2.2848500919352963	0.14935988620199148
发现	177	4.807354922057604	4.5872791473960906	0.13878864298447757
乳腺	176	2.321928094887362	2.0868876900670497	0.19170506912442398
控制	173	10.211888294546005	3.286013523734752	0.15692007797270954
多久	168	7.08746284125034	2.574583105772858	0.29107505070993916
方面	167	4.807354922057604	2.118761395740531	0.30724797139320587
怀孕	166	8.515699838284043	2.8745545504811343	0.15922619047619047
给予	166	7.348728154231078	3.4968624694616697	0.35840418574231525
专家	163	8.939579214314692	4.146938423020134	0.1806695091676222
优甲乐	161	10.113742166049189	2.2659913014770283	0.1534913245873889
继续	157	9.78953364497036	3.1557476035041594	0.13942151446213844
甲状腺炎	154	1.0	2.2746913931378163	0.21259940357852883
必须	153	9.893301530860564	2.56785331831812	0.17096959265633965
报告	153	6.426264754702098	3.0512462600884813	0.15233570863024545
帮我看看	150	6.442943495848729	2.9228910213115875	0.27752003374103756
求医生	148	3.3219280948873626	2.475681055840529	0.2432012432012432
到底	147	5.523561956057013	2.6729998852150554	0.14584382871536525
肿物	147	3.9068905956085187	2.1229190269056297	0.12223071046600459
增生	143	5.08746284125034	2.7070566419703983	0.29722144260454675
一年	142	4.321928094887363	3.669752598513482	0.2674922938432581
或者	142	7.044394119358453	4.03299963233578	0.5894039735099338
看下	142	2.807354922057604	3.0705453667680995	0.22211742513558122
能做	142	2.321928094887362	3.5710772194638767	0.1690964722822174
动手术	141	4.459431618637297	2.388649426022104	0.11623418400171563
左耳	141	3.8073549220576037	2.036000868790021	0.22566779244703716
恶性肿瘤	139	5.754887502163469	2.5189649002282777	0.409478672985782
彻底	138	9.451211111832329	2.5829923274064894	0.2217741935483871
指导	134	8.546894459887637	2.386358722013439	0.18181818181818182
感觉	131	7.0	3.941368115228441	0.24474924989284183
开刀	129	9.169925001442314	2.385566437443038	0.30685189204833224
咳嗽	128	10.366322214245816	2.795488124748836	0.28735632183908044
反复	125	6.321928094887362	3.7709358181957633	0.19462983082415025
一直	124	6.044394119358453	4.020295337405053	0.20572057205720573
怀疑	121	7.88874324889826	2.5704115770284455	0.38412017167381973
挂号	121	7.076815597050832	2.962858864066133	0.48017148981779206
确定	120	7.209453365628949	3.316357290550236	0.26157299167679793
其他	119	9.88264304936184	3.0444835434491453	0.15943975441289332
看一下	119	4.643856189774724	2.5598426285989824	0.22211742513558122
哪些	117	6.569855608330948	2.8676364127839538	0.3886986301369863
妈妈	117	8.751544059089097	3.3953556728235785	0.1382059800664452
半年	116	7.209453365628949	2.415837528371753	0.33043768793852324
细胞癌	116	5.129283016944966	2.3351113754253565	0.34596794708725515
全切	114	6.820178962415189	2.815412136265819	0.21444954128440366
中药	113	3.8073549220576037	2.9299257823979152	0.15104774780310945
回声	112	5.554588851677638	2.6166172193793367	0.3839223839223839
能给	111	2.321928094887362	2.825426825269027	0.1690964722822174
您帮	110	3.1699250014423126	2.2808362747404636	0.33015597920277295
下颌	109	4.906890595608519	2.7546869367441515	0.13877551020408163
出血	109	3.0	2.4573028150682132	0.1554333764553687
下一步	108	5.807354922057605	2.5989045499546575	0.23207269155206287
病理	108	5.129283016944966	3.375593896405106	0.11332755131540907
结核	108	5.523561956057013	2.211139518199882	0.1875589066918002
右耳	106	3.4594316186372978	2.0453519071477335	0.22566779244703716
经常	106	6.339850002884625	3.8929907589408956	0.10207732829738594
最佳	105	8.50382573799575	2.140593038133131	0.1782117790662191
纤维	105	10.889503963411476	2.23887977482579	0.13466257668711656
异常	104	7.10852445677817	2.056476920323229	0.10207732829738594
康复	103	6.426264754702098	2.243920058246576	0.19462983082415025
急需	102	3.1699250014423126	2.105324944145189	0.1431693989071038
您给	101	3.5849625007211565	3.1727075331298944	0.31523871811641596
嘶哑	100	10.131856960608793	2.1541859576379547	0.14594594594594595
可否	98	2.584962500721156	3.4731213761171595	0.36507936507936506
查出	97	4.169925001442312	3.7018309519035624	0.13053040103492886
分析	96	8.994353436858859	3.1401462188975295	0.1922984065668759
分泌	95	8.951284714966972	2.6941499308488743	0.18820861678004536
救救我	95	5.7279204545632	2.7445914107377565	0.17429163787145818
担心	94	8.933690654952235	2.3229401538974668	0.2724097788125728
功能	93	2.0	2.351707351482602	0.18097560975609756
导致	93	9.487840033823051	3.062683273823084	0.1791958041958042
能帮	93	1.5849625007211563	2.1518331281651077	0.1690964722822174
出现	91	4.857980995127573	4.767633004389457	0.1554333764553687
分化	90	5.832890014164742	2.504618906294094	0.1922984065668759
九院	88	7.199672344836364	2.1086449908608644	0.5200684801217424
手术切除	88	3.3219280948873626	3.1382612649615127	0.22543950361944157
看病	88	2.321928094887362	2.0443195153020755	0.40615773935048505
找您	85	3.0	3.534493494663141	0.428226779252111
激光	85	9.50382573799575	2.979383529427443	0.22136321195144726
出来	84	5.643856189774724	2.167753612187938	0.1554333764553687
滤泡	84	10.62935662007961	3.1188636069157734	0.20434782608695654
耳膜	84	5.0	2.3703597251794752	0.1814553269880258
安排	83	9.02513956227851	2.822167372692428	0.14701417004048584
彩超	83	10.450180247164754	2.947892377695262	0.2169992485597395
感冒	83	8.071462362556625	2.667779377213635	0.1544885177453027
帮忙看看	82	5.857980995127572	2.5276912736094275	0.27752003374103756
可以做	81	3.0	3.5678254522235093	0.24026845637583893
已经	81	7.6147098441152075	3.851525878526228	0.10181178023912565
睡觉	81	8.867278739709663	2.670020461672517	0.34656188605108057
耳道	79	3.5849625007211565	2.0496263173591855	0.1814553269880258
晚期	78	8.0	2.370058785436195	0.3166926677067083
炎症	77	3.4594316186372978	2.453882320137115	0.12042310821806347
病人	77	4.643856189774724	2.6357738778514928	0.11332755131540907
给出	77	3.9068905956085187	3.45087967548178	0.13053040103492886
你们	74	7.011227255423254	2.341172219499232	0.3110139382344903
复诊	73	1.0	2.1563625313291164	0.2545018007202881
确认	72	8.321928094887362	2.984090160344002	0.13227146814404434
急求	70	3.4594316186372978	2.0563179057182177	0.3667443667443667
癌转移	70	3.4594316186372978	2.794304821635326	0.15372168284789645
一次	69	4.0	3.663217979801816	0.26346153846153847
判断	69	8.86418614465428	2.795721890445584	0.19466403162055335
眩晕	69	10.397674632948268	2.5130610911094036	0.35294117647058826
神经性耳聋	69	8.539158811108031	2.3419059958484825	0.24912280701754386
缓解	69	8.475733430966399	3.5139711729404617	0.1986323673070661
气管	68	4.321928094887363	4.107383667760232	0.1385306019221042
皮肤	68	9.447083226209653	3.1628837545533437	0.23319327731092437
可以手术	67	1.0	2.344622537427136	0.3615637159533074
多长时间	67	7.139551352398794	2.0587258443725274	0.3793965660943491
女儿	67	6.022367813028454	2.2944124358013385	0.2318267233705865
您看	67	2.321928094887362	2.9159941676819168	0.27752003374103756
消融	66	9.326429487122303	2.0501076202253983	0.15630141493912472
做穿刺	65	4.700439718141093	2.7018153768538973	0.26
母亲	65	9.816983623255382	2.2589735293858757	0.272663139329806
皮下	65	4.459431618637297	3.6766443732342884	0.22211742513558122
能吃	65	2.0	2.4257190285664407	0.1690964722822174
一定要	64	5.700439718141093	2.4723753930056964	0.2313705054715998
淋巴结核	64	6.247927513443586	2.5176220694673948	0.1875589066918002
纤维瘤	64	5.044394119358453	2.3462225122332723	0.13466257668711656
能够	64	5.977279923499917	3.527265245753686	0.1690964722822174
低回声	63	7.930737337562887	2.431260739785614	0.4485553206483439
吞咽	63	7.584962500721156	2.641872200712175	0.23756906077348067
打呼噜	63	9.333155350310617	2.3143309241463506	0.4180327868852459
淋巴结炎	62	2.321928094887362	2.3912691631370087	0.30606860158311344
癌复发	62	3.0	2.635660528871178	0.15372168284789645
打针	61	8.20945336562895	2.785375653194805	0.3087355404866374
抗体	61	7.011227255423254	3.15612280159381	0.2799803004186161
求您	61	2.807354922057604	2.8225435448337493	0.2432012432012432
做过	60	3.3219280948873626	3.425759656251107	0.17549668874172186
出生	60	2.321928094887362	2.63922552721464	0.1554333764553687
检查结果	60	5.977279923499917	2.7355607106878965	0.17052229906987837
放化疗	59	5.285402218862249	2.214825100502954	0.28833922261484096
癌症	59	2.807354922057604	2.543072191778778	0.15372168284789645
红肿	59	3.5849625007211565	2.331716574269729	0.33537051184110006
脸部	59	5.459431618637297	2.3151544387089005	0.18930957683741648
两年	58	5.643856189774724	2.890264104910986	0.33043768793852324
扁桃体发炎	57	6.554588851677638	2.145589434988958	0.5525876460767947
手术可以	57	1.0	2.427746995195	0.13683818046234153
肿胀	57	5.321928094887363	3.3353274308163465	0.12223071046600459
修复	56	6.507794640198696	2.641826921555067	0.19462983082415025
哪里	56	6.129283016944967	2.7146812417642128	0.2562873368242496
指标	56	9.257387842692651	3.095357025376206	0.2717512860657571
淋巴结转移	56	4.523561956057013	2.253164197104019	0.18548387096774194
肉瘤	56	2.321928094887362	2.905728326823026	0.13139801375095492
以及	55	4.584962500721157	3.8550263153051274	0.2583668005354752
停药	55	5.754887502163469	2.3610598881931653	0.15104774780310945
再次	55	7.066089190457772	3.0906032947455593	0.26346153846153847
准备	55	10.578372691360805	2.4674567588611978	0.16432673899170389
眼药水	55	8.88264304936184	2.5467960977545965	0.13549047394111163
多发性	54	4.643856189774724	2.2451473481159954	0.3793965660943491
明显	54	9.20212382383046	2.7045820785971264	0.17153407183618663
求解	54	4.0	2.2207217677491453	0.1986323673070661
发烧	52	6.339850002884625	2.0796744663096063	0.12042105263157894
癌患者	52	2.807354922057604	3.101237497062794	0.15372168284789645
下来	51	3.5849625007211565	2.081848567878089	0.34276507113102256
能恢复	51	4.0	2.714178276792999	0.1690964722822174
淋巴管瘤	50	1.0	2.234556070998145	0.30606860158311344
左右	49	4.0	2.9125373346068084	0.25802615933412604
帮忙看下	49	5.129283016944966	2.431819938596453	0.22211742513558122
能根治	49	4.08746284125034	2.0220751498844383	0.1690964722822174
两侧	48	4.954196310386876	3.4240713671192493	0.20607375271149675
何时	48	3.5849625007211565	3.4993896755123943	0.14850198715988994
外耳道	48	8.46352437327118	2.769611457792466	0.36032696511738427
早期	48	6.614709844115209	2.0735975355707934	0.49189720085120314
父亲	48	10.101975670949232	2.042422396777171	0.18170019467878
胆脂瘤	48	5.754887502163469	2.0700355658756875	0.27898805340829236
助听器	47	7.8392037880969445	2.1448564629113362	0.1388888888888889
帮助我	47	2.321928094887362	2.8788658715835136	0.17429163787145818
年前	47	5.0	3.262065320574351	0.10157033077180087
突然	47	9.20212382383046	3.733107139455577	0.26399433141006173
能给我	47	2.807354922057604	2.3746290238818686	0.1690964722822174
一点	46	3.1699250014423126	2.8797082470494586	0.2674922938432581
伤口	46	7.076815597050832	2.2364593937036306	0.2051785013730875
切除手术	46	2.321928094887362	2.027554165998483	0.24627293577981652
到你	46	3.1699250014423126	2.364000798697908	0.14584382871536525
喉镜	46	6.832890014164742	2.691586829545393	0.3047034764826176
推荐	46	11.975489756945755	3.2037658091998793	0.48555499239736444
生活	46	4.523561956057013	2.6638038034127804	0.16591019822037592
眼睛	46	9.51175265376738	3.6744608685361078	0.1716626002091321
组织	46	11.993646060016596	3.0969133954336776	0.16319514661274015
耳前瘘管	46	6.10852445677817	2.115119901383527	0.1385306019221042
大夫给	45	1.5849625007211563	2.21853830220201	0.31523871811641596
左边	44	5.584962500721157	2.548149692628932	0.2160373686259245
粘膜	44	8.74819284958946	3.6246803469736486	0.3814229249011858
红色	44	7.330916878114618	3.0097110282017936	0.2522827826414384
能帮我	44	2.321928094887362	2.605621813744187	0.1690964722822174
消炎	43	3.4594316186372978	2.2697491090257724	0.486586493987049
消除	43	5.321928094887363	3.387858139483418	0.22543950361944157
疤痕	43	11.250890535723341	2.495122893834476	0.3939393939393939
给一些	43	4.954196310386876	2.0867298188948773	0.35840418574231525
老师	43	9.744833837499547	3.03909899284196	0.39792852119429706
一样	42	1.0	2.0022706951974834	0.2674922938432581
下颌骨	42	5.78135971352466	2.02902263786968	0.28346111719605693
冶疗	42	4.643856189774724	2.065622001921729	0.22469325153374234
动脉	42	7.03342300153745	3.52511779450328	0.11623418400171563
扩散	42	11.52454171503585	2.258836952571736	0.38208215297450426
指点	41	6.066089190457772	2.5088492609235775	0.2717512860657571
摘除	41	8.294620748891626	2.096737140137242	0.22543950361944157
注射	41	9.184875342908285	3.6557364555737593	0.21466666666666667
白色	40	7.754887502163469	3.6312867722513533	0.2522827826414384
眼皮	40	6.426264754702098	2.89145019814486	0.12798707373075943
粘液	40	8.912889336229961	2.535402176080041	0.5335968379446641
肉芽	40	8.810571634741148	2.4092676371396204	0.13139801375095492
大面积	39	5.426264754702098	2.722624349578295	0.23707606190319394
根部	39	3.8073549220576037	2.5838337244473	0.10824195259992925
下方	38	1.0	3.7351921593550585	0.1435382570027048
为我	38	2.584962500721156	3.556330804562166	0.1643575115457756
介入	38	9.9469062744564	2.640686704705996	0.19592760180995475
位置	38	9.189824558880018	3.541069517706805	0.10277653381101656
其它	38	9.544964432789238	2.7186747709177905	0.15943975441289332
检测	38	7.05528243550119	2.7582884666009666	0.17052229906987837
求救	38	4.08746284125034	2.2252332210176906	0.12237093690248566
溃疡	38	11.439311461818846	3.2479275134435857	0.3013698630136986
睡眠	38	10.356451970221755	2.2070933030846844	0.4180327868852459
耳聋基因	38	6.491853096329675	2.384688306223914	0.1814553269880258
能确诊	38	2.584962500721156	2.289017989818658	0.1690964722822174
合并	37	6.491853096329675	3.4059653668938	0.13095238095238096
困扰	37	10.729620743553038	2.220177856035592	0.30104321907600595
细胞瘤	37	3.0	2.1608908658593613	0.34596794708725515
给些	37	3.4594316186372978	2.0296813260681903	0.35840418574231525
给孩子	37	3.1699250014423126	3.294301910547932	0.35840418574231525
考虑	37	11.666667840690357	2.01765864280819	0.24197247706422018
几率	36	8.348728154231077	2.5051427961118358	0.4715242881072027
可以吃	36	2.807354922057604	3.2029043371886066	0.29665535627726614
显示	36	10.606405212697785	3.5231413204660815	0.319906008727761
检查出	36	3.5849625007211565	3.2799500009615405	0.13053040103492886
炎引起	36	3.9068905956085187	2.034858803881645	0.12042310821806347
胎记	36	10.731319031025064	2.113283334294874	0.2153484729835552
主任给	35	3.9068905956085187	2.390755261745986	0.1968791796700847
减轻	35	7.924812503605781	3.0354483736551297	0.10939226519337017
吃饭	35	7.562242424221073	2.9147180168213396	0.11939810271508014
完全	35	7.820178962415189	3.172699991867433	0.18382861091914304
快点	35	5.426264754702098	2.2119259995158083	0.4242830340391316
改善	35	11.44190670454224	2.1547831423729513	0.3243419621492278
整形	35	6.672425341971495	2.8974791901319743	0.27221412964311725
星期	35	8.344295907915816	2.8547218605324858	0.20692264998234017
癌伴	35	3.1699250014423126	2.12946720607304	0.15372168284789645
癌晚期	35	5.08746284125034	2.506039087569964	0.15372168284789645
耳畸形	35	3.0	2.2221847060112263	0.1814553269880258
及时	34	4.700439718141093	3.3737962969417983	0.1392235609103079
介绍	33	11.159240650411672	3.1624027152422656	0.14036725801431685
发展	33	6.845490050944376	2.8625759375402717	0.13878864298447757
发现甲状腺	33	3.0	2.6730352287969077	0.13878864298447757
嗅觉	33	9.703903573444665	2.360502451773952	0.34656188605108057
您给我	33	3.5849625007211565	2.6018680910515513	0.17429163787145818
流脓	33	6.965784284662088	2.9079246204488203	0.1511111111111111
流血	33	2.321928094887362	2.3561934298000256	0.17718324078748107
特别	33	9.560332834212442	3.4048269576665082	0.15841616531519748
生长	33	1.5849625007211563	2.6091053927948087	0.16591019822037592
硬化	33	5.807354922057605	2.974139261434191	0.2456782591010779
突出	33	5.169925001442312	2.212105929734466	0.13053040103492886
下面	32	2.0	3.5161267670198737	0.3286838952592846
患者求	32	3.1699250014423126	2.291615921862549	0.2167381974248927
挂到	32	2.807354922057604	2.55896456442329	0.46397984886649873
接下来	32	8.768184324776927	2.114991774066721	0.3051087984862819
提前	32	6.643856189774725	2.74819198715719	0.1516088400320623
下嘴唇	31	4.857980995127573	2.1584450039224095	0.2704225352112676
吃优甲乐	31	5.614709844115208	2.4684334063235966	0.1534913245873889
大约	31	2.0	2.102377860175046	0.2804119287706501
如何控制	31	5.357552004618084	2.743572922871365	0.199763859215113
水肿	31	3.1699250014423126	3.041197313328602	0.265994856453052
溃烂	31	10.934428040626804	2.430268703824964	0.2723735408560311
联系	31	11.115693952197011	2.4989339252754323	0.24417441029306647
肿瘤医院	31	3.9068905956085187	3.0479516674900733	0.12223071046600459
脂肪	31	11.358651200892886	2.1013394749756737	0.15358361774744028
再做	30	3.8073549220576037	3.0892464285091585	0.24026845637583893
压迫	30	10.547858506058418	2.6245491185273697	0.20719632938903645
可疑	30	3.1699250014423126	2.827539248688392	0.3768939393939394
右下	30	2.0	2.058040253688799	0.22211742513558122
哪家医院	30	7.643856189774724	3.1144093452479407	0.5073529411764706
您帮忙	30	3.4594316186372978	2.1382689280764646	0.3516068052930057
我家	30	2.321928094887362	2.569786130993361	0.1806695091676222
相关	30	9.35974956032233	2.918110986293616	0.1758213331033888
给予治疗	30	2.807354922057604	2.077865082165957	0.28833922261484096
能否做	30	3.3219280948873626	3.2367000510807125	0.1690964722822174
吃中药	29	6.044394119358453	2.1339588121764446	0.15104774780310945
复位	29	3.700439718141092	2.1339588121764446	0.37249728387397174
多久能	29	3.5849625007211565	3.1488940017021516	0.26610871130309577
矫正	29	9.552669097514272	2.911823688308702	0.18489289740698986
两次	28	5.321928094887363	2.8476847290834306	0.26346153846153847
动静脉畸形	28	7.643856189774724	2.3073549220576046	0.11623418400171563
帮我们	28	4.08746284125034	2.0661089398374806	0.30849220103986136
排除	28	5.906890595608519	2.450212064914747	0.22543950361944157
专业	27	9.62935662007961	2.6508639722681453	0.2640750670241287
女孩	27	5.321928094887363	2.426340635375437	0.2318267233705865
帮忙看一下	27	6.209453365628951	2.1072257132280696	0.22211742513558122
我爸	27	4.643856189774724	2.2726819462873995	0.3844884488448845
折磨	27	11.253256579781155	2.4352878546415915	0.14025500910746813
持续	27	9.084808387804362	3.021234342638516	0.19459757442116868
生命	27	4.857980995127573	2.0544204879692733	0.16591019822037592
五年	26	6.149747119504682	2.4036952254383612	0.33043768793852324
做完	26	4.754887502163469	2.4674452407960956	0.1673582295988935
偶尔	26	10.923327485419193	3.236834033333005	0.30065422919376444
入院	26	5.523561956057013	3.2727698920347943	0.1623864085341762
几年	26	5.392317422778761	2.3426332216485366	0.33043768793852324
分析一下	26	6.857980995127572	2.1895084675586203	0.1922984065668759
只能	26	4.0	2.4036952254383612	0.26610871130309577
右边	26	4.954196310386876	2.1387720668284858	0.2160373686259245
多处	26	3.5849625007211565	2.4844592819810485	0.3793965660943491
天能	26	1.5849625007211563	2.8881545074194097	0.26610871130309577
开始	26	9.62935662007961	3.6423714487439023	0.2235294117647059
您看看	26	2.807354922057604	2.316817854639666	0.27752003374103756
手术风险	26	3.9068905956085187	2.056020968057882	0.22858341197441542
三次	25	5.584962500721157	2.614693951646702	0.26346153846153847
到医院	25	2.0	2.9974058114255175	0.14584382871536525
尽早	25	6.870364719583405	3.0030741894285695	0.14581939799331103
快速	25	8.098032082960527	3.2038561897747244	0.1755546075085324
我女儿	25	4.700439718141093	2.582824692361507	0.42578510069004366
我妈妈	25	3.9068905956085187	2.1117374334224666	0.4292358803986711
明确	25	5.20945336562895	2.8430741894285694	0.18959537572254334
眼角	25	8.005624549193879	2.0038561897747247	0.1716626002091321
继续吃	25	5.357552004618084	2.0939119513005475	0.13942151446213844
耳垂	25	5.643856189774724	2.2396275363413567	0.1362862010221465
肌肉	25	7.348728154231078	2.884889451733241	0.30847457627118646
能控制	25	3.3219280948873626	2.451510777487775	0.1690964722822174
你院	24	3.1699250014423126	2.0134893002931977	0.3110139382344903
修补	24	10.494855584491198	2.059822545132499	0.13864975079293157
单侧	24	5.523561956057013	2.059822545132499	0.20607375271149675
可以帮	24	1.0	2.3564648567476554	0.33015597920277295
无法	24	4.459431618637297	3.3035088547976788	0.40856707058723835
癌细胞	24	2.807354922057604	2.2824156286861546	0.15372168284789645
看过	24	1.5849625007211563	2.4972243200613984	0.17549668874172186
耳廓	24	6.209453365628951	2.082551816930743	0.1814553269880258
下唇	23	3.5849625007211565	2.6951381384478714	0.2704225352112676
人民医院	23	7.643856189774724	2.8927021732601896	0.13589632038101343
伤害	23	7.924812503605781	2.8725111538380093	0.2051785013730875
内分泌	23	7.6653359171851765	2.6951381384478714	0.18820861678004536
大夫帮忙	23	2.584962500721156	2.239678259840456	0.3266661773341163
岁宝宝	23	5.321928094887363	2.110093477608016	0.17947751821150465
引发	23	3.5849625007211565	2.402084237819134	0.18409496065046307
手术或	23	1.5849625007211563	2.3319805666410693	0.22858341197441542
早日	23	8.693486957499326	2.6744608685361086	0.1774535638537181
早点	23	5.832890014164742	3.050766174277569	0.4690288374498901
权威	23	13.238703279427725	2.2816696599988737	0.15829676580529822
眼睑	23	9.278449458220482	2.2580960284120484	0.11607142857142858
耳闷	23	4.954196310386876	2.258096028412048	0.1814553269880258
肺部	23	5.523561956057013	2.6985981103597485	0.4337899543378995
为甲状腺	22	1.0	2.6748350309627504	0.1643575115457756
低分化	22	8.044394119358454	2.1803877328455874	0.2456782591010779
你看	22	2.321928094887362	2.1842612638641032	0.27752003374103756
吃药可以	22	3.9068905956085187	2.0365693955097313	0.13683818046234153
岁孩子	22	5.426264754702098	3.2998963911678914	0.23969072164948454
帮我看下	22	3.700439718141092	2.0365693955097313	0.22211742513558122
恢复正常	22	6.794415866350106	2.287866277236509	0.10207732829738594
找你	22	2.584962500721156	2.422675468311218	0.3030882754851052
教授给	22	4.0	2.754441845713346	0.14664664664664664
确诊为	22	4.954196310386876	3.0207277798007865	0.2534637326813366
磁共振	22	12.29748950116098	2.8611925523313797	0.1279683377308707
肥厚	22	7.832890014164742	2.0717350271381694	0.16036655211912945
一起	21	2.0	3.2680488287579594	0.2674922938432581
中药调理	21	7.832890014164742	2.4623495650177696	0.25055670431048194
几次	21	5.832890014164742	2.153291231890481	0.26346153846153847
取出	21	6.303780748177103	2.6227336390297045	0.13053040103492886
同时	21	6.475733430966398	3.0602141632055653	0.14850198715988994
周一	21	2.807354922057604	2.6013821620912934	0.10614037480564117
外科	21	5.614709844115208	2.8870964478055785	0.16525115871226356
容易	21	11.897467341721892	2.101569025834275	0.18668891360771228
工作	21	8.76487159073609	2.3923174227787602	0.11247281022865935
心脏	21	8.800899899920305	3.327339900083509	0.12101817649855538
想尽快	21	4.0	2.0273941713765185	0.121415170195658
接受	21	7.7615512324444795	2.9277989702947855	0.2016057091882248
求教授	21	4.0	2.2623623773882575	0.2432012432012432
王医生	21	3.700439718141092	2.2844763510411217	0.3045875323742852
能尽快	21	2.807354922057604	2.257606878811597	0.121415170195658
能帮助	21	1.0	2.3437674223666716	0.1690964722822174
一下我	20	1.0	2.460964047443681	0.17429163787145818
一月	20	1.0	3.239353872167201	0.23835616438356164
侧淋巴结	20	2.0	2.039353872167201	0.1637407157326131
关节	20	3.0	3.1414460711655217	0.3368112442873157
初步	20	8.487840033823051	2.4192407046368487	0.23207269155206287
发热	20	6.189824558880018	2.119240704636849	0.13878864298447757
吃药能	20	2.0	2.795461844238322	0.26610871130309577
增长	20	4.321928094887363	2.5954618442383217	0.21072623362141066
安全	20	5.882643049361842	2.4414460711655215	0.18382861091914304
恶心	20	4.08746284125034	2.5414460711655216	0.39487254507552205
您帮我	20	2.321928094887362	2.219240704636849	0.17429163787145818
手臂	20	5.169925001442312	2.0232196723355074	0.22858341197441542
朋友	20	13.359063183678295	2.295461844238322	0.1991643454038997
混合性	20	3.3219280948873626	2.7659573209491746	0.38213978626704337
能预约	20	2.0	2.1814963295286756	0.1690964722822174
一侧	19	1.0	3.1363793303507577	0.20607375271149675
优甲乐药量	19	7.90086680798075	2.0300872246321315	0.44559748427672957
免疫	19	12.385592813601363	2.6689801450225334	0.18073316283034954
出院	19	2.0	2.641120933813017	0.1554333764553687
植入	19	10.152284842306582	2.499544305608132	0.3119147562156926
男孩	19	6.247927513443586	2.582059910580258	0.2610912799592045
给我们	19	4.08746284125034	2.9053077763737467	0.35840418574231525
下囊肿	18	1.5849625007211563	2.324409393171556	0.33537051184110006
下颚	18	5.491853096329675	2.2132982820604443	0.27419354838709675
侧长	18	2.584962500721156	2.2132982820604443	0.21072623362141066
可见	18	3.0	2.9693894195291564	0.3768939393939394
帮忙诊断	18	4.754887502163469	2.3991303913908	0.2970335675253708
张教授	18	6.08746284125034	3.03856233607563	0.7805681350349938
未分化	18	8.189824558880018	2.2096909728231857	0.2456782591010779
电话	18	9.199672344836365	3.4193819456463714	0.1518325541558117
病理结果	18	6.94251450533924	2.055827901163964	0.11332755131540907
癌早期	18	4.807354922057604	2.2390979179887864	0.15372168284789645
约到	18	2.321928094887362	2.3627402784989338	0.30830293928341557
一种	17	1.5849625007211563	2.460904932167797	0.25059254471019177
一般	17	6.507794640198696	2.409267252251469	0.21060171919770773
下午	17	5.700439718141093	2.4164997849817103	0.30812641083521447
二胎	17	7.643856189774724	2.133387491316597	0.2655577860625179
内侧	17	4.0	3.41041725276052	0.20607375271149675
出生时	17	6.426264754702098	2.0874628412503395	0.14850198715988994
周岁	17	6.285402218862249	2.5341468438052397	0.3333333333333333
喉咙里	17	5.0	2.409267252251469	0.2562873368242496
多久可以	17	4.321928094887363	2.133387491316597	0.13683818046234153
干燥	17	10.507794640198696	2.011920928594794	0.3624151379459772
手术大概	17	2.0	2.586887840995814	0.11155378486055777
查出甲状腺	17	2.807354922057604	2.2485731395538666	0.19170506912442398
病理报告	17	6.94251450533924	2.278351811711312	0.11332755131540907
种药	17	2.0	3.0130709291038453	0.15104774780310945
肉芽肿	17	5.08746284125034	2.460904932167797	0.13139801375095492
两边	16	5.20945336562895	2.9772170014624826	0.2160373686259245
伴随	16	8.0	2.5306390622295662	0.13937058445728967
切掉	16	6.10852445677817	2.6556390622295662	0.24627293577981652
前做	16	1.5849625007211563	2.007856063692049	0.24026845637583893
十年	16	5.357552004618084	2.25	0.2939034716342083
受损	16	8.330916878114618	2.091917186688699	0.24106517168885774
周围	16	8.76487159073609	3.375	0.3793706293706294
哪位医生	16	6.189824558880018	2.6084585933443494	0.3045875323742852
外伤	16	6.409390936137703	2.021782221599798	0.36032696511738427
左脸	16	4.459431618637297	2.077819531114783	0.4766146993318486
心求	16	2.321928094887362	2.0612781244591325	0.12101817649855538
恶变	16	3.9068905956085187	2.077819531114783	0.21494102228047182
戴助听器	16	10.83605035505807	2.4056390622295662	0.6290142510015104
抽血	16	4.459431618637297	2.7743974703476995	0.17718324078748107
未见	16	6.321928094887362	3.077819531114783	0.4286076591427847
检验	16	4.954196310386876	2.8522170014624826	0.17052229906987837
湿疹	16	11.542548262335211	2.216917186688699	0.2767527675276753
生育	16	4.523561956057013	2.349601752714581	0.16591019822037592
确定病	16	4.0	2.077819531114783	0.3260115606936416
科医生	16	2.0	2.771782221599798	0.14433170487285482
第二次	16	8.791162888555018	2.375	0.21069568778889475
脱敏	16	7.787902559391432	2.091917186688699	0.504524886877828
一块	15	1.0	2.041946032206046	0.2674922938432581
下长	15	1.0	2.463458298648303	0.21072623362141066
侵犯	15	11.843921051289033	2.973557262275185	0.3527336860670194
内部	15	2.807354922057604	2.422579761842491	0.4279661016949153
单发	15	3.9068905956085187	2.332914563979398	0.18409496065046307
可以给	15	1.0	2.0049355947431313	0.31523871811641596
太阳穴	15	10.893301530860564	2.0049355947431313	0.49716045159083133
拍片	15	10.088788238716907	2.6062389286533896	0.3979511426319937
指导一下	15	5.614709844115208	2.7395722619867224	0.22211742513558122
涂抹	15	10.494855584491198	2.6062389286533896	0.22929936305732485
消融手术	15	3.4594316186372978	2.0049355947431313	0.3615637159533074
痰多	15	4.321928094887363	2.1735572622751853	0.14652442073678945
做喉镜	14	5.20945336562895	2.406666316740689	0.4099108889371876
到贵院	14	4.523561956057013	2.9780948881692613	0.14584382871536525
前检查	14	2.807354922057604	2.6384600665861555	0.2526232429221936
又长	14	5.129283016944966	2.0741647430225756	0.21072623362141066
可以恢复	14	3.700439718141092	2.495602923729013	0.19462983082415025
听到	14	1.0	2.664497779200461	0.3638309256286784
少量	14	4.807354922057604	2.9852281360342525	0.23419345103365022
帮我诊断	14	4.0	2.699513850319966	0.2970335675253708
我儿子	14	4.954196310386876	2.610577243331642	0.3809078896437581
找您看	14	4.169925001442312	2.4488156357251847	0.27752003374103756
提出	14	4.754887502163469	2.6384600665861555	0.13053040103492886
敷药	14	5.129283016944966	2.4956029237290127	0.15104774780310945
最快	14	4.169925001442312	2.9780948881692613	0.121415170195658
清除	14	4.643856189774724	2.753434386188785	0.22543950361944157
癌复查	14	1.0	2.217021885879718	0.15372168284789645
癌已	14	2.321928094887362	2.835237745312118	0.15372168284789645
结石	14	3.9068905956085187	2.2608203181716595	0.18732522885821093
脸颊	14	8.76487159073609	2.0670314951575
可以预约	13	3.1699250014423126	2.1887870678023824	0.2804119287706501
吃心得安	13	6.0	2.2877837199410704	0.11791820110723605
四年	13	5.08746284125034	2.1416195253341384	0.33043768793852324
尽量	13	5.614709844115208	2.6535442970305687	0.2492816091954023
形态	13	7.912889336229962	2.6535442970305683	0.12472687545520758
手指	13	1.0	2.353533948577482	0.14068441064638784
抹药	13	5.832890014164742	2.4996981431844145	0.15104774780310945
提供治疗	13	3.3219280948873626	2.0349409139562287	0.28833922261484096
摆脱	13	12.103287808412023	3.085055102756477	0.15610859728506787
测试	13	10.430452551665532	2.4416298737872246	0.18344308560677328
申请	13	6.643856189774725	3.085055102756477	0.24587458745874588
疑难	13	4.857980995127573	2.7773627950641697	0.27682403433476394
眼眶	13	9.51175265376738	2.353533948577482	0.1716626002091321
神经鞘瘤	13	5.554588851677638	2.6535442970305687	0.437811654081778
严重影响	12	4.08746284125034	2.6258145836939115	0.35360763267740014
主任给我	12	4.0	2.751629167387823	0.17429163787145818
体质	12	4.247927513443585	2.5220552088742005	0.10994828859886728
做全	12	2.0	2.688721875540867	0.18382861091914304
到你那	12	5.247927513443585	2.054585169337799	0.11444652908067542
发音	12	2.584962500721156	2.584962500721156	0.13878864298447757
孙教授	12	6.149747119504682	2.5849625007211565	0.7805681350349938
帮忙确诊	12	3.9068905956085187	2.0545851693377997	0.2545018007202881
张医生	12	2.0	2.221251836004466	0.3045875323742852
急等	12	4.0	2.084962500721156	0.16966656830923577
患病	12	1.0	3.084962500721156	0.2167381974248927
我爸爸	12	4.857980995127573	2.054585169337799	0.3844884488448845
排队	12	10.28424574982967	2.9182958340544896	0.2993421052631579
两月	11	2.584962500721156	2.7321588913645707	0.23835616438356164
中间	11	2.584962500721156	3.0957952550009344	0.39124830966869506
主任帮我	11	3.4594316186372978	2.4040097573248604	0.17429163787145818
伴结节	11	2.0	2.0494520727893946	0.2932551319648094
做激光	11	3.9068905956085187	2.7321588913645707	0.22136321195144726
全部	11	2.321928094887362	2.4040097573248604	0.4473911541119558
创伤	11	7.011227255423254	2.663532754804255	0.37575635336829366
压力	11	5.78135971352466	2.004886164091843	0.20719632938903645
可以彻底	11	4.0	2.0494520727893946	0.3080040526849038
右腮腺	11	3.3219280948873626	2.0494520727893946	0.19170506912442398
呕吐	11	11.884552133987235	2.0048861640918427	0.14918414918414918
唾液	11	10.07815080773465	2.4040097573248604	0.5458028561476838
增加	11	5.285402218862249	2.663532754804255	0.11851530280008682
已做	11	2.807354922057604	2.049452072789394	0.24026845637583893
帮我解决	11	4.807354922057604	2.550340709546389	0.2930940728656879
影响孩子	11	3.700439718141092	2.2221915755066783	0.10207113519182033
慢慢	11	5.08746284125034	3.027169118440619	0.22111553784860558
找你看	11	5.832890014164742	2.2221915755066783	0.27752003374103756
无痛	11	3.700439718141092	2.2221915755066783	0.47881899871630296
梨状窝	11	11.94104760634058	2.4040097573248604	0.2410968660968661
求专家	11	3.4594316186372978	2.3685225277282065	0.1806695091676222
炎一直	11	3.0	2.0494520727893946	0.12042310821806347
炎或	11	1.0	2.2312702546075758	0.12042310821806347
生存	11	4.523561956057013	2.2221915755066783	0.16591019822037592
一只耳朵	10	6.209453365628951	2.046439344671015	0.2674922938432581
你看看	10	3.0	2.4464393446710155	0.27752003374103756
假体	10	5.20945336562895	2.1709505944546685	0.2623263415962953
加药	10	2.321928094887362	2.1219280948873624	0.15104774780310945
十岁	10	6.442943495848729	2.3219280948873626	0.2939034716342083
反复发炎	10	4.700439718141093	2.5219280948873624	0.5493521790341578
可以控制	10	3.4594316186372978	2.0464393446710156	0.199763859215113
图片	10	9.618385502258606	2.1609640474436813	0.1283675365256313
大夫能给	10	3.3219280948873626	2.321928094887362	0.31523871811641596
天可以	10	1.5849625007211563	2.0464393446710156	0.13683818046234153
岁小孩	10	5.954196310386876	2.6464393446710153	0.23969072164948454
延长	10	7.098032082960527	2.1609640474436813	0.21072623362141066
影响到	10	1.5849625007211563	2.0464393446710156	0.10207113519182033
患处	10	3.3219280948873626	2.1609640474436813	0.2167381974248927
我家宝宝	10	6.022367813028454	2.1609640474436813	0.17947751821150465
按压	10	9.517669388133811	2.6464393446710153	0.15914030427432987
摸到	10	5.426264754702098	2.3219280948873626	0.4097560975609756
旁边	10	6.459431618637298	2.3709505944546687	0.2160373686259245
炎合并	10	4.700439718141093	2.1609640474436813	0.12042310821806347
留下	10	3.4594316186372978	2.0464393446710156	0.22211742513558122
疑似癌	10	2.0	2.0464393446710156	0.27682403433476394
癌侵	10	4.459431618637297	2.0464393446710156	0.15372168284789645
癌并	10	1.5849625007211563	2.5219280948873624	0.13095238095238096
看看病	10	1.0	2.121928094887362	0.40615773935048505
确诊下	10	1.0	2.1609640474436813	0.22211742513558122
穿刺确诊	10	4.247927513443585	2.121928094887362	0.2545018007202881
结果为	10	4.459431618637297	2.321928094887362	0.2534637326813366
给诊断	10	2.0	2.121928094887362	0.2970335675253708
老家	10	5.129283016944966	2.1609640474436813	0.1806695091676222
能吃药	10	1.0	2.1609640474436813	0.15104774780310945
能打	10	1.0	2.8464393446710154	0.11703334089362667
能看出	10	5.554588851677638	2.321928094887362	0.13053040103492886
脑部	10	4.0	2.5219280948873624	0.1592641261498029
脓肿	10	2.321928094887362	2.6464393446710157	0.26666666666666666
中医治疗	9	3.0	2.2810361125534233	0.28833922261484096
保留	9	6.409390936137703	2.2810361125534233	0.16987542468856173
做手术切除	9	2.807354922057604	2.2810361125534233	0.22543950361944157
切割	9	6.209453365628951	2.4193819456463714	0.24627293577981652
切片	9	4.459431618637297	2.058813890331201	0.24627293577981652
前发现	9	4.523561956057013	2.058813890331201	0.15721761883994767
副鼻窦炎	9	6.426264754702098	2.2810361125534233	0.1143141153081511
变成	9	1.5849625007211563	2.725480556997868	0.26921414368462004
可以直接	9	5.285402218862249	2.1971597234241496	0.18235572374645223
可以给我	9	2.0	2.197159723424149	0.17429163787145818
可以通过	9	4.459431618637297	2.058813890331201	0.17549668874172186
四次	9	5.285402218862249	2.503258334775646	0.26346153846153847
四肢	9	9.7632123668144	2.058813890331201	0.29354838709677417
圆形	9	7.965784284662087	2.197159723424149	0.27221412964311725
小时	9	1.0	2.0588138903312014	0.14850198715988994
帮忙给	9	1.5849625007211563	2.4193819456463714	0.30849220103986136
您帮我看看	9	3.3219280948873626	2.197159723424149	0.27752003374103756
手朮	9	5.459431618637297	2.4193819456463714	0.22858341197441542
擅长	9	8.29920801838728	2.4193819456463714	0.21072623362141066
炎伴	9	1.5849625007211563	2.197159723424149	0.12042310821806347
确诊并	9	4.643856189774724	2.94770277922009	0.13095238095238096
粒子	9	4.169925001442312	2.0588138903312014	0.10741885625965997
耳鼓膜	9	3.700439718141092	2.058813890331201	0.1814553269880258
肩膀	9	13.271171191139773	2.058813890331201	0.33166666666666667
胳膊	9	14.560691074923023	2.058813890331201	0.5238095238095238
能把	9	3.1699250014423126	2.058813890331201	0.1690964722822174
能看到	9	4.08746284125034	2.0588138903312014	0.1690964722822174
一条	8	4.754887502163469	2.75	0.25540910221337976
一片	8	2.584962500721156	2.4056390622295662	0.2674922938432581
一粒	8	3.4594316186372978	2.4056390622295662	0.2674922938432581
免疫力	8	7.7615512324444795	2.0	0.3283357485230186
初期	8	6.044394119358453	2.5	0.37443768192643556
判断一下	8	5.672425341971496	2.0	0.19466403162055335
到那	8	1.5849625007211563	2.4056390622295662	0.11444652908067542
十多年	8	7.807354922057604	2.0	0.2939034716342083
喘气	8	7.679480099505446	2.4056390622295662	0.25444304166262016
外敷	8	7.199672344836364	2.0	0.27887323943661974
大学	8	2.0	2.1556390622295662	0.3266661773341163
尽快得到	8	5.247927513443585	2.0	0.2492816091954023
帮忙分析	8	5.459431618637297	2.1556390622295662	0.30849220103986136
心跳	8	8.592457037268082	2.0	0.12101817649855538
或者其他	8	6.832890014164742	2.75	0.241397021058038
找哪	8	1.0	2.4056390622295662	0.10784313725490197
把病	8	3.8073549220576037	2.0	0.4060494958753437
报销	8	7.266786540694902	2.1556390622295662	0.15233570863024545
止血	8	3.0	2.0	0.17718324078748107
水平	8	6.357552004618085	2.1556390622295662	0.265994856453052
流水	8	4.08746284125034	2.0	0.13549047394111163
涂药膏	8	7.86418614465428	2.1556390622295662	0.53609239653513
炎能否	8	1.0	2.1556390622295662	0.12042310821806347
看下我	8	2.0	2.1556390622295662	0.17429163787145818
看能否	8	1.0	2.5	0.36507936507936506
移植	8	6.7414669864011465	2.75	0.19567323216015498
粘连	8	9.346513733165635	2.1556390622295662	0.10805535841022001
经常发	8	3.3219280948873626	2.0	0.18409496065046307
能缓解	8	3.0	2.1556390622295662	0.1690964722822174
能解决	8	1.5849625007211563	2.0	0.1690964722822174
位专家	7	5.129283016944966	2.128085278891395	0.10277653381101656
何时能	7	3.3219280948873626	2.128085278891395	0.26610871130309577
你给	7	1.0	2.2359263506290326	0.3110139382344903
做病理	7	2.807354922057604	2.128085278891395	0.25055670431048194
刺激	7	4.584962500721157	2.5216406363433186	0.11789375582479031
吴医生	7	3.8073549220576037	2.128085278891395	0.3045875323742852
周几	7	4.807354922057604	2.128085278891395	0.1490787269681742
咬肌	7	10.934428040626804	2.128085278891395	0.28135593220338984
咳痰	7	6.169925001442312	2.2359263506290326	0.28440366972477066
喉咙处	7	3.700439718141092	2.5216406363433186	0.3047034764826176
喝中药	7	6.906890595608519	2.128085278891395	0.15104774780310945
回来	7	2.584962500721156	2.128085278891395	0.3839223839223839
多长时间能	7	2.807354922057604	2.128085278891395	0.26610871130309577
宝宝吃	7	1.0	2.128085278891395	0.26132462530352507
岁男孩	7	7.475733430966398	2.5216406363433186	0.23969072164948454
快乐	7	4.247927513443585	2.5216406363433186	0.1534913245873889
手术割掉	7	5.0	2.2359263506290326	0.22858341197441542
指导我	7	1.5849625007211563	2.5216406363433186	0.17429163787145818
教授给予	7	5.523561956057013	2.2359263506290326	0.14664664664664664
星期一	7	4.247927513443585	2.128085278891395	0.10614037480564117
月份	7	7.546894459887637	2.2359263506290326	0.19947275922671354
炎药物	7	1.0	2.2359263506290326	0.12042310821806347
牙龈肿	7	3.0	2.128085278891395	0.22969187675070027
维持	7	8.262094845370179	2.128085278891395	0.22352279122115926
缺损	7	9.493855449240824	2.128085278891395	0.24106517168885774
参加	6	8.515699838284043	2.2516291673878226	0.11851530280008682
喉乳头瘤	6	4.321928094887363	2.2516291673878226	0.3047034764826176
坚持	6	10.759888183221834	2.2516291673878226	0.23570712136409228
天能做	6	4.247927513443585	2.2516291673878226	0.24026845637583893
宝宝舌头	6	4.08746284125034	2.2516291673878226	0.26132462530352507
帮忙安排	6	5.247927513443585	2.251629167387823	0.14701417004048584
您们	6	1.5849625007211563	2.2516291673878226	0.40350877192982454
教授帮忙	6	3.8073549220576037	2.251629167387823	0.14664664664664664
时发现	6	3.3219280948873626	2.2516291673878226	0.15721761883994767
暑假	6	11.827342704234114	2.2516291673878226	0.11250340506673931
枕部	6	6.459431618637298	2.2516291673878226	0.3598130841121495
浸润性	6	6.169925001442312	2.2516291673878226	0.38213978626704337
白斑病	6	2.584962500721156	2.2516291673878226	0.52601908065915
眼皮红	6	6.599912842187128	2.2516291673878226	0.1716626002091321
等等	6	5.614709844115208	2.2516291673878226	0.16966656830923577
红印	6	7.607330313749611	2.2516291673878226	0.17517541737236875
红色斑	6	6.857980995127572	2.251629167387823	0.18828213879408418
能尽早	6	4.08746284125034	2.2516291673878226	0.14581939799331103
能检查出	6	3.4594316186372978	2.2516291673878226	0.13053040103492886
什麼	5	5.643856189774724	2.321928094887362	0.11147058823529411
保护	5	7.011227255423254	2.321928094887362	0.1960306406685237
国庆	5	9.438791852578262	2.321928094887362	0.15713793568293816
外部	5	1.0	2.321928094887362	0.36032696511738427
尽快挂到	5	6.022367813028454	2.321928094887362	0.2492816091954023
建议及	5	1.5849625007211563	2.321928094887362	0.17837543462779104
怎麼	5	5.129283016944966	2.321928094887362	0.4400977995110024
挤压	5	10.19598729802851	2.321928094887362	0.15914030427432987
关心	4	3.1699250014423126	2.0	0.3368112442873157
半边脸	4	8.271463027904375	2.0	0.4766146993318486
可以住院	4	1.5849625007211563	2.0	0.3768939393939394
周围发	4	5.129283016944966	2.0	0.18409496065046307
多大适合	4	7.4346282276367255	2.0	0.14935988620199148
大部分	4	2.321928094887362	2.0	0.10073635924674071
实质性占位	4	9.696967526234287	2.0	0.15944453739334113
开刀能	4	1.0	2.0	0.26610871130309577
张主任给我	4	5.554588851677638	2.0	0.17429163787145818
想通过	4	2.807354922057604	2.0	0.17549668874172186
我担心	4	1.5849625007211563	2.0	0.39487254507552205
或中药	4	4.523561956057013	2.0	0.15104774780310945
打过	4	2.0	2.0	0.17549668874172186
找专家	4	1.5849625007211563	2.0	0.1806695091676222
抽筋	4	10.712527000439824	2.0	0.45454545454545453
涂眼药水	4	7.554588851677638	2.0	0.13549047394111163
淋巴结肿胀	4	3.8073549220576037	2.0	0.30606860158311344
皮瓣	4	9.167418145831737	2.0	0.253933157581427
看门诊	4	2.321928094887362	2.0	0.2545018007202881
累及	4	7.45121111183233	2.0	0.2583668005354752
给他	4	1.5849625007211563	2.0	0.241397021058038
给出合理	4	7.375039431346925	2.0	0.25055670431048194
美国	4	9.157346935362844	2.0	0.10215238979674371
能判断	4	2.0	2.0	0.1690964722822174
能听到	4	4.321928094887363	2.0	0.1690964722822174
能喝	4	2.584962500721156	2.0	0.1690964722822174
能够给	4	3.3219280948873626	2.0	0.1690964722822174
能找您	4	1.5849625007211563	2.0	0.1690964722822174
脚踝	4	12.45635441510829	2.0	0.1654351395730706
