肺炎	2100	5.247927513443585	3.513165053791815	0.4337899543378995
患者	1874	5.78135971352466	5.082501497936331	0.2167381974248927
疾病	1870	5.247927513443585	2.7248967138561175	0.24113009198423127
我们	1148	6.700439718141092	3.584225879538412	0.5335176226675881
出现	1136	5.426264754702098	4.889210567923383	0.1554333764553687
可以	1034	4.169925001442312	3.8797631239674955	0.13683818046234153
注意	1027	7.276124405274238	3.247686640421101	0.30544056771141337
支气管	1012	7.169925001442313	3.1690191170112754	0.1385306019221042
感染	962	6.700439718141092	3.4581283893178023	0.20275689223057644
发生	890	3.5849625007211565	3.8463207014548977	0.13878864298447757
小儿	854	5.672425341971496	3.424706552662663	0.3563612759643917
方法	853	6.507794640198696	2.3962607957428714	0.30724797139320587
引起	850	7.129283016944966	4.8379427076374775	0.31665098777046097
生活	831	5.321928094887363	2.6376753802947555	0.16591019822037592
健康	821	7.219168520462162	4.26438410767711	0.17888286589677116
检查	774	7.826548487290916	3.3752665573986658	0.17052229906987837
大家	749	5.044394119358453	3.855969985669719	0.1806695091676222
严重	679	6.78135971352466	2.745804147830827	0.10340160606334026
及时	654	4.247927513443585	3.5923572490649733	0.1392235609103079
表现	630	5.954196310386876	2.3762482945839603	0.15721761883994767
一定	618	4.700439718141093	2.3813583232797444	0.26157299167679793
影响	601	8.344295907915816	3.459854420330907	0.10207113519182033
病情	577	4.0	4.274547360250711	0.11332755131540907
慢性	566	5.247927513443585	2.836014785115081	0.38213978626704337
脑瘫	552	7.813781191217037	2.537929057461186	0.1592641261498029
一种	551	4.08746284125034	2.042211086679471	0.25059254471019177
主要	540	5.169925001442312	3.5999769412991656	0.1968791796700847
一些	533	4.0	4.2972919971121115	0.2674922938432581
细胞	526	7.592457037268081	4.022791987771775	0.34596794708725515
常见	525	5.554588851677638	2.0355646029302457	0.4286076591427847
宝宝	509	6.9188632372745955	3.807507331444552	0.17947751821150465
可能	506	3.5849625007211565	3.6500813343381555	0.26610871130309577
功能	502	6.303780748177103	4.105437208338495	0.18097560975609756
发现	476	3.3219280948873626	4.231155201633735	0.13878864298447757
呼吸道	466	6.459431618637298	2.9696227220991407	0.5020763977073823
患儿	466	4.0	4.21949072121011	0.2167381974248927
发病	462	2.0	3.5238830267016845	0.13878864298447757
导致	453	7.8392037880969445	3.717936557123515	0.1791958041958042
时间	447	4.247927513443585	4.014033065278737	0.30235402017731583
咳嗽	438	8.17492568250068	2.8106978188391034	0.28735632183908044
病人	434	2.584962500721156	4.373475817174768	0.11332755131540907
自己	431	7.88874324889826	3.072603390267335	0.3383177570093458
明显	414	7.845490050944376	3.332047334511624	0.17153407183618663
容易	408	7.383704292474053	3.103913384963177	0.18668891360771228
急性	408	5.169925001442312	3.3033423392716887	0.38213978626704337
原因	407	5.643856189774724	2.436637373270713	0.3235017257609037
工作	404	7.129283016944966	2.5751812922456803	0.11247281022865935
病毒	400	4.169925001442312	3.488363997403961	0.11332755131540907
营养	400	8.129283016944965	4.057810787361555	0.14961371773129828
一般	398	5.554588851677638	2.569339918983268	0.21060171919770773
因素	394	5.044394119358453	2.712514579004577	0.16284907436460622
专家	389	6.22881869049588	3.305400643981004	0.1806695091676222
护理	384	6.94251450533924	3.2300738313501434	0.13701253481894152
细菌	379	5.954196310386876	2.678499537432203	0.34596794708725515
应该	374	6.426264754702098	3.9062260070655737	0.1856925418569254
要注意	366	4.392317422778761	3.5084837677315948	0.25951016154247003
手术	364	6.832890014164742	3.8036551778169576	0.22858341197441542
胸膜	362	5.78135971352466	2.6790832266638946	0.3814229249011858
精神	360	8.224001674198107	3.727451890267583	0.17067958398632282
血管	356	4.643856189774724	4.268495644582385	0.1385306019221042
帮助	348	8.603626344986191	2.952318993720495	0.26675485008818345
临床	346	8.774787059601174	2.1934333464544173	0.3312316099201345
一下	342	3.0	3.2695469335190364	0.22211742513558122
正常	342	4.906890595608519	3.9496798456867594	0.10207732829738594
水肿	342	6.129283016944967	2.050398042413787	0.265994856453052
情况	336	7.294620748891627	2.5270212848817373	0.1668147771994414
保健	328	6.066089190457772	4.086587345650762	0.24638949671772428
一定要	322	4.954196310386876	3.9907431403062206	0.2313705054715998
活动	322	5.285402218862249	3.4000176199377408	0.20137250696976194
加重	318	4.754887502163469	3.2114414996837843	0.10340160606334026
发展	308	4.321928094887363	3.832919692346583	0.13878864298447757
保持	307	6.78135971352466	3.5266799523391943	0.23570712136409228
组织	304	9.129283016944967	4.769240402232837	0.16319514661274015
早期	302	6.169925001442312	2.681578627413169	0.49189720085120314
危害	292	8.05528243550119	2.0108523451689364	0.46883468834688347
带来	290	6.409390936137703	2.7781474458337954	0.18179657794676807
增加	286	5.78135971352466	4.432071024214749	0.11851530280008682
白内障	286	7.807354922057604	2.564905758726933	0.3072505384063173
康复	277	6.129283016944967	2.997213292664345	0.19462983082415025
形成	277	6.169925001442312	4.228850355010899	0.12472687545520758
疼痛	277	7.569855608330948	3.1917605390439787	0.2231404958677686
结核	276	8.228818690495881	2.8527727665717997	0.1875589066918002
正确	275	6.906890595608519	2.415889167871228	0.18959537572254334
流感	268	5.247927513443585	3.463009012001554	0.22186095438462275
神经	268	6.426264754702098	3.71535759601251	0.10181178023912565
中国	262	4.807354922057604	2.9486355700244515	0.10215238979674371
感冒	262	6.94251450533924	3.075511678779191	0.1544885177453027
全身	260	6.189824558880018	3.245159151217605	0.3156938451056098
特别	260	7.6147098441152075	2.6313757630719694	0.15841616531519748
刺激	259	8.546894459887637	3.7007011147401516	0.11789375582479031
发热	259	3.9068905956085187	2.114050857230282	0.13878864298447757
知道	259	6.727920454563199	2.9787105187912655	0.22401060405226284
方面	258	4.754887502163469	2.616229863846388	0.30724797139320587
积极	258	8.499845887083206	3.429391522946203	0.1746848469256496
发育	256	5.20945336562895	3.448985599564832	0.13878864298447757
其他	249	6.643856189774725	2.5321553971821213	0.15943975441289332
发作	248	3.1699250014423126	2.884494023599561	0.13878864298447757
四环素	244	7.523561956057013	2.4108796938744814	0.4849440226483078
蛋白	244	7.321928094887362	3.00882036189923	0.10053115186290854
粘膜	240	7.303780748177103	3.146164332903236	0.3814229249011858
人们	236	3.5849625007211565	3.6621915508581084	0.13589632038101343
免疫	236	7.7073591320808825	3.3586141246684034	0.18073316283034954
色盲	236	7.266786540694902	2.5903329974015468	0.10618469358938153
根据	234	8.870364719583405	3.048376786967399	0.10824195259992925
肺水肿	230	5.426264754702098	2.305904497571902	0.33537051184110006
并发	226	3.8073549220576037	2.8472392730530585	0.18409496065046307
异常	226	5.700439718141093	2.955999611140509	0.10207732829738594
能够	226	6.149747119504682	3.596814379756701	0.1690964722822174
日常	221	5.0	2.150960428588535	0.10207732829738594
相关	221	6.375039431346925	3.5665564920410326	0.1758213331033888
炎症	220	2.321928094887362	2.974410918070528	0.12042310821806347
经常	219	4.08746284125034	4.216955963988509	0.10207732829738594
认为	215	5.321928094887363	4.054530375947881	0.2534637326813366
小儿肺炎	212	4.906890595608519	2.2598934594266886	0.3563612759643917
卫生	207	5.78135971352466	3.2993650517464195	0.18693436763251958
以及	206	2.584962500721156	4.967945643285121	0.2583668005354752
反应	204	5.672425341971496	2.020430419533637	0.25925925925925924
心绞痛	204	6.954196310386876	2.88137578070526	0.12101817649855538
朋友	204	10.040289721025717	2.2979042632406546	0.1991643454038997
肺气肿	204	5.882643049361842	3.286465081116303	0.33537051184110006
表现为	200	4.700439718141093	3.7467910614458657	0.20391745365512418
能力	198	3.700439718141092	2.198900384669714	0.1690964722822174
病因	197	1.5849625007211563	2.7387751080416063	0.11332755131540907
已经	194	6.7414669864011465	4.867710341456056	0.10181178023912565
控制	193	8.442943495848729	3.618103389720662	0.15692007797270954
分泌	190	7.643856189774724	3.0186723183334765	0.18820861678004536
病原	186	2.807354922057604	2.455253347997602	0.11332755131540907
肺栓塞	184	5.857980995127572	2.728740951276374	0.17457430980327326
程度	179	6.820178962415189	2.4993506309951528	0.2553282967876666
反复	176	6.459431618637298	3.905423680863268	0.19462983082415025
动脉	172	6.0	3.943739034658972	0.11623418400171563
各种	172	6.044394119358453	2.976113121426362	0.25059254471019177
恢复	172	8.124121311829187	3.1327571759568102	0.19462983082415025
人体	170	2.584962500721156	3.032147688739478	0.13589632038101343
持续	170	7.800899899920305	3.1586250714266746	0.19459757442116868
肌肉	170	7.965784284662087	3.7231707922494146	0.30847457627118646
消化	169	5.977279923499917	2.6064254577765786	0.2456782591010779
尽量	168	6.7414669864011465	2.86522810267436	0.2492816091954023
皮肤	168	9.03342300153745	3.2950580590533387	0.23319327731092437
睡眠	168	8.370687406807217	3.098946418741114	0.4180327868852459
病变	166	2.807354922057604	3.689529764600341	0.11332755131540907
心脏	164	6.129283016944967	2.7997994104365067	0.12101817649855538
方式	164	6.266786540694902	2.5139208723558855	0.30724797139320587
情绪	162	7.554588851677638	3.34618624646572	0.1668147771994414
血脂	162	5.672425341971496	2.420836138259452	0.2854930304594734
改变	160	7.03342300153745	2.227942937149977	0.21494102228047182
心理	158	3.8073549220576037	3.0622076854637634	0.12101817649855538
胸骨	158	5.491853096329675	2.8642267453370005	0.28346111719605693
痰液	156	6.209453365628951	3.0939189243808696	0.37155963302752293
他们	154	5.20945336562895	3.007194261658555	0.3246019517205958
开始	154	8.7714894695006	3.687036818765489	0.2235294117647059
白细胞	154	6.022367813028454	2.594589062370085	0.3765932792584009
观察	153	9.290018846932618	3.659692745317907	0.2815040650406504
合理	152	4.754887502163469	2.8593231033084723	0.19498851077798446
血液	152	4.523561956057013	2.911163737671473	0.3043917213528521
可见	150	3.1699250014423126	3.416544705482451	0.3768939393939394
损害	150	6.807354922057604	2.7765419289201283	0.153468815697267
企业	149	8.348728154231077	4.316226489404143	0.2905199904149232
典型	148	8.531381460516313	2.1982051119303567	0.11002865329512894
改善	148	9.113742166049189	2.709860409923483	0.3243419621492278
变化	147	5.285402218862249	2.472668260693574	0.2456782591010779
包括	146	10.350939181546432	2.7317314695716592	0.3640939597315436
压力	146	5.247927513443585	2.7404730790742367	0.20719632938903645
往往	146	7.734709620225839	3.7470008144003	0.26230975828111014
缓解	146	6.507794640198696	3.643648637576107	0.1986323673070661
要及时	146	3.700439718141092	2.9654395101255204	0.14850198715988994
或者	144	2.584962500721156	3.7815693712976017	0.5894039735099338
大多	142	2.0	2.1640303426989345	0.14652442073678945
时可	142	1.0	3.336357110083009	0.13237639553429026
空气	142	6.066089190457772	3.5535245539332783	0.25444304166262016
肺部	142	2.321928094887362	2.6357065312601495	0.4337899543378995
婴儿	141	5.832890014164742	2.612313096038595	0.3674911660777385
专业	140	6.442943495848729	3.6642550077272453	0.2640750670241287
加强	140	5.614709844115208	3.1867948962158645	0.3546776644237031
女性	140	4.459431618637297	2.2053499240408843	0.2318267233705865
纤维	137	9.247927513443587	3.2034683577534566	0.13466257668711656
知识	136	7.400879436282184	2.0090755098482895	0.22401060405226284
血压	136	4.643856189774724	2.1578686871199637	0.15914030427432987
促进	135	6.554588851677638	2.9597266899890298	0.23109771414217534
为大家	134	3.8073549220576037	2.551480552757228	0.1643575115457756
胸痛	134	4.08746284125034	2.241984843889995	0.4068678459937565
动作	132	3.8073549220576037	2.491707274559849	0.11623418400171563
必须	132	9.121533517340032	3.538927069058812	0.17096959265633965
时期	132	2.584962500721156	2.9135965461239666	0.30235402017731583
环境	132	8.651051691178928	3.038818705313216	0.2972175379426644
白色	131	4.392317422778761	2.6548567180114144	0.2522827826414384
可出现	130	2.807354922057604	2.255500797565012	0.15721761883994767
突出	130	5.614709844115208	2.1720654742123733	0.13053040103492886
继发	129	5.169925001442312	3.016838557403217	0.13942151446213844
水痘	128	7.417852514885899	2.4237949406953985	0.265994856453052
腰肌劳损	128	8.74819284958946	2.010715414401936	0.24106517168885774
判断	127	8.603626344986191	3.6181491085858695	0.19466403162055335
咨询	127	10.795227966028678	2.9204421141879275	0.10510046367851623
补充	127	8.483815777264256	3.730701488018814	0.18378024852844996
中心	126	2.321928094887362	3.1476821059365756	0.39124830966869506
中药	126	2.807354922057604	2.4361612584535277	0.15104774780310945
周围	126	8.665335917185176	3.0206897572034292	0.3793706293706294
社会	126	6.321928094887362	3.4102108235574287	0.12329848096271454
科学	126	6.599912842187128	3.5725158477919696	0.14433170487285482
红色	126	5.78135971352466	3.240760575054268	0.2522827826414384
多种	124	2.807354922057604	2.657537769497738	0.25059254471019177
父母	123	9.7431513941125	3.471358486182185	0.18170019467878
关节	122	6.266786540694902	3.6595472804919753	0.3368112442873157
出血	122	2.584962500721156	2.376867984744626	0.1554333764553687
清洁	122	8.330916878114618	2.582913952363753	0.3743632271057932
国际	121	7.577428828035749	3.4973533430663037	0.15713793568293816
增强	121	5.906890595608519	2.529801470769513	0.29722144260454675
乳腺	120	7.169925001442313	2.459451328856455	0.19170506912442398
感觉	120	5.459431618637297	2.689645918985172	0.24474924989284183
给予	120	8.189824558880018	3.5032711702412995	0.35840418574231525
绿色	120	7.011227255423254	2.4943952160629204	0.2522827826414384
训练	119	10.604553229079038	2.6437963545439755	0.11688311688311688
循环	118	8.721099188707186	3.059732950443164	0.17295531197301856
正规	118	6.426264754702098	2.0189163789491418	0.15142219743446736
吸烟	116	5.977279923499917	2.0842374814121496	0.12266355140186916
肺泡	116	5.20945336562895	2.8308905495266106	0.20434782608695654
认识	116	7.4346282276367255	2.0843225890226287	0.3559556786703601
内容	115	4.906890595608519	2.295649305551615	0.3223952539859103
受到	114	4.954196310386876	4.507214175404439	0.3911685994647636
损伤	114	6.988684686772166	3.313483351906933	0.153468815697267
畸形	114	8.554588851677638	2.2157648735854485	0.27221412964311725
确诊	113	6.10852445677817	2.371235426583739	0.2545018007202881
脂肪	113	9.364134655008051	3.2353156075817666	0.15358361774744028
抑郁症	112	6.129283016944967	2.579589073804685	0.351493848857645
许多	112	5.977279923499917	2.5670979827197415	0.14652442073678945
流行	108	4.392317422778761	2.805412512635206	0.22186095438462275
脓性	108	4.700439718141093	2.470722800346473	0.26666666666666666
自身	108	4.459431618637297	3.8682179864847375	0.3156938451056098
出生	107	1.0	2.015611009261933	0.1554333764553687
激素	107	5.285402218862249	2.4330884017796315	0.4040074557315937
血管瘤	106	6.965784284662088	2.5453281365391476	0.3043917213528521
及早	104	3.9068905956085187	3.207638700728778	0.1392235609103079
大量	104	3.0	3.9619084105659366	0.3266661773341163
引发	104	2.321928094887362	3.5554578738396443	0.18409496065046307
接触	104	8.682994583681683	3.588323598252786	0.1881881881881882
基础	102	10.049848549450562	2.0232212118739676	0.1527294722516256
多吃	102	3.8073549220576037	2.4836855428077915	0.29665535627726614
安全	102	6.599912842187128	3.356079604875779	0.18382861091914304
溃疡	102	10.727069558023706	2.783585182159101	0.3013698630136986
肠道	102	6.339850002884625	2.6780994055905523	0.16432160804020102
胸腔	102	4.247927513443585	2.7700259140651986	0.3059360730593607
成长	101	3.700439718141092	2.669273334230448	0.21072623362141066
国内	100	4.321928094887363	3.6660344798744147	0.11329701372074254
腰部	100	4.700439718141093	3.387794392287773	0.4900142653352354
坚持	98	8.108524456778168	2.0350871386648506	0.23570712136409228
早日	98	5.584962500721157	2.030839630351192	0.1774535638537181
完全	97	7.257387842692652	3.7216235443311536	0.18382861091914304
要多	97	1.0	3.5152809169114505	0.14652442073678945
关注	96	4.169925001442312	2.7731641637663254	0.23553054662379422
分泌物	96	6.066089190457772	2.9850289071487652	0.1922984065668759
发病率	96	5.584962500721157	2.483265649498248	0.13878864298447757
四环素牙	96	6.7414669864011465	2.2603773835962993	0.2178649237472767
常常	96	1.5849625007211563	3.1693721485946105	0.10207732829738594
接受	96	6.554588851677638	3.0460607229475025	0.2016057091882248
文章	96	9.977279923499918	2.340040915267717	0.19390540100658538
生命	96	5.491853096329675	2.559632912739242	0.16591019822037592
结合	96	5.129283016944966	3.1229555185991877	0.14935988620199148
自杀	96	7.312882955284356	2.683749669741826	0.26672311600338694
衰竭	96	10.390168956200185	2.4038498905903594	0.35195530726256985
人群	94	6.10852445677817	2.6937179427208626	0.13589632038101343
以下	94	1.5849625007211563	3.600990930287189	0.22211742513558122
保护	94	5.426264754702098	3.4978167133712867	0.1960306406685237
及时治疗	94	3.8073549220576037	2.0066125218443718	0.1392235609103079
定期	94	3.9068905956085187	2.581229507022927	0.18572898157673245
心肌	94	4.247927513443585	2.8838857990675995	0.12101817649855538
患者可	94	1.5849625007211563	2.2173428879226367	0.13237639553429026
肺结核	94	4.392317422778761	2.463034598099949	0.1875589066918002
直接	93	7.651051691178929	3.830545920061221	0.18235572374645223
体内	92	2.584962500721156	3.6865294894479277	0.10994828859886728
到医院	92	4.643856189774724	3.241651371041185	0.14584382871536525
妈妈	92	9.152284842306582	3.0628347951893886	0.1382059800664452
小孩	92	3.3219280948873626	3.0729303049004786	0.3563612759643917
抑制	92	7.129283016944966	3.650975749808804	0.199763859215113
朋友们	92	5.954196310386876	2.6437740362214806	0.1991643454038997
虽然	92	8.689997971419446	3.4917030374137163	0.26399433141006173
体重	90	2.0	3.0448295677886428	0.10340160606334026
作为	90	2.321928094887362	3.1171334716144754	0.1129486597001363
复发	90	2.321928094887362	2.3626810093711557	0.18409496065046307
看看	90	5.832890014164742	2.2107071971352728	0.27752003374103756
稳定	90	7.442943495848729	2.2665897616501836	0.26157299167679793
管理	90	3.1699250014423126	3.247957868287042	0.14820435002529084
视力	90	4.584962500721157	3.2402239289418526	0.16247351694915255
让我们	90	5.523561956057013	2.3999583667609254	0.3007518796992481
意识	89	5.426264754702098	2.953435049534006	0.18849793021880545
减轻	88	5.614709844115208	3.430832051224085	0.10939226519337017
显示	88	6.965784284662088	2.7833306894854584	0.319906008727761
眼压	88	5.247927513443585	3.2062872378268654	0.15914030427432987
第一	88	4.0	2.1666714173032164	0.10614037480564117
分析	87	7.546894459887637	2.407431322329458	0.1922984065668759
细菌感染	87	5.930737337562887	2.255434961949876	0.20275689223057644
保证	86	6.523561956057013	2.6946807568788156	0.28480813916975445
参展	86	6.554588851677638	2.240604718220827	0.27751196172248804
吸入	86	4.247927513443585	2.4380715058007603	0.3166732516791782
小编	86	7.139551352398794	2.83536509784999	0.15419847328244274
支原体	86	6.727920454563199	2.332566311285149	0.18276570757486787
给孩子	86	4.807354922057604	3.4490659172915423	0.35840418574231525
致病	86	2.0	2.7087800121336993	0.2944700460829493
国家	85	3.4594316186372978	3.2625138073437854	0.15713793568293816
一次	84	3.3219280948873626	3.14378023473716	0.26346153846153847
传染	84	5.700439718141093	2.5315499476415586	0.19786543894527572
增生	84	2.321928094887362	2.3064560001907832	0.29722144260454675
少量	84	4.169925001442312	3.441932971328912	0.23419345103365022
提醒	84	8.228818690495881	2.700051929159036	0.29750778816199375
气道	84	2.807354922057604	3.792956392212713	0.16160046615519083
特殊	84	8.46352437327118	2.899218982770074	0.15841616531519748
念珠菌	83	7.7073591320808825	2.21513154192219	0.11180308422301305
交流	82	6.599912842187128	2.606410236533334	0.26491212093616245
大脑	82	2.807354922057604	2.9381995802300183	0.2938239159001314
得到	82	4.321928094887363	4.4665928579600145	0.14096749811035525
成为	82	2.0	3.758341482293771	0.2534637326813366
积液	82	5.754887502163469	2.1526757768843248	0.3190648666447152
称为	82	4.906890595608519	3.3729949006016393	0.20449308755760368
精神病	82	3.1699250014423126	2.796733629483513	0.3944506413831567
肿瘤	82	6.714245517666122	2.8455141172883907	0.12223071046600459
背部	82	6.0	2.918834030974622	0.37408207343412525
综合	81	7.577428828035749	3.3150723864891205	0.14935988620199148
单位	80	6.409390936137703	2.42087997015458	0.4852216748768473
可使	80	2.321928094887362	2.5208799701545788	0.24425666754687086
某些	80	6.189824558880018	2.2695179762781588	0.3637901861252115
突然	80	7.209453365628949	4.141446071165521	0.26399433141006173
密切	79	8.839203788096945	2.7768727765650905	0.21444954128440366
下肢	78	5.426264754702098	2.5932598244900062	0.29354838709677417
养生	78	2.584962500721156	2.484377917108173	0.3045875323742852
四肢	78	7.392317422778761	2.1049124748287165	0.29354838709677417
抵抗力	78	7.199672344836364	2.499035795775109	0.3283357485230186
新鲜	78	8.24317398347295	2.171564303256385	0.14891389688563203
痉挛	78	11.341518823245243	2.605163115965304	0.24742268041237114
着色	78	4.754887502163469	2.2604277734298495	0.11287205257054503
神经系统	78	8.03342300153745	2.4179653410624566	0.437811654081778
合并	76	4.321928094887363	3.1958217419498642	0.13095238095238096
指导	76	5.906890595608519	2.2889068024200174	0.18181818181818182
甲状腺	76	9.192292814470768	2.402993418443045	0.19170506912442398
病理	76	1.0	2.872541658009628	0.11332755131540907
肋软骨	76	8.784634845557521	2.7921648466064815	0.28346111719605693
外科	74	5.357552004618084	2.408834205013229	0.16525115871226356
富含	74	8.434628227636725	3.0390814055262974	0.11569731081926204
怎样	74	6.832890014164742	2.5826033818475795	0.375
媒体	72	6.321928094887362	3.515382701182945	0.17976710334788937
毒性	72	2.0	2.352925161406159	0.18582769773596
氧化	72	5.247927513443585	2.4755737985094592	0.1846426986240568
液体	72	3.1699250014423126	3.4037080868458145	0.17485196795541624
体质	71	2.321928094887362	2.252857229392072	0.10994828859886728
咽喉	71	8.49585502688717	2.999577979221732	0.21881390593047034
地区	71	6.189824558880018	3.1203124627959484	0.17102259941492268
展会	71	3.0	3.040523351868577	0.1384472912486495
可引起	70	2.321928094887362	2.8366614225615594	0.31665098777046097
喜欢	70	10.866506212226202	2.774357748728675	0.27936638551738324
基本	70	7.257387842692652	2.9690075748181997	0.1527294722516256
展览	70	7.876516946565	2.809932391524004	0.1384472912486495
疱疹	70	9.144658242831882	2.8360069453309547	0.1984732824427481
缓慢	70	6.247927513443586	2.4310383912950453	0.22111553784860558
缺乏	70	8.03342300153745	3.9871639183439047	0.3698146513680494
胸部	70	2.807354922057604	2.2658430809519654	0.4068678459937565
介绍一下	68	6.459431618637298	2.719713033485107	0.19592760180995475
做到	68	3.8073549220576037	3.1706050976099274	0.448993288590604
可能会	68	3.8073549220576037	2.479571944179797	0.3768939393939394
建议	68	10.501837184902298	2.5011512234998263	0.17837543462779104
我们要	68	1.5849625007211563	2.5079778913457855	0.2313705054715998
抗菌	68	4.584962500721157	2.0254776762497353	0.4958362248438584
支持	68	4.169925001442312	2.5413326933006757	0.18276570757486787
结果	68	4.392317422778761	2.585737840486762	0.27110060769750166
膳食	68	6.375039431346925	3.0467546652134527	0.10313945967461068
自我	68	3.3219280948873626	3.0286266009935257	0.17429163787145818
应注意	67	3.1699250014423126	2.4316149366618482	0.29297954671089
信息	66	7.348728154231078	2.905155845170121	0.18863532864443658
向前	66	5.247927513443585	2.8900430911826707	0.1516088400320623
标准	66	9.030667136246942	2.1862043245140614	0.21297064189749543
生理	66	1.0	2.9820348341775467	0.16591019822037592
纠正	66	7.734709620225839	2.801969876934211	0.18489289740698986
要求	66	4.392317422778761	2.801969876934211	0.25951016154247003
更多	65	3.3219280948873626	2.389588020172644	0.14652442073678945
减肥	64	6.9188632372745955	2.2936450333085068	0.15263459335624285
可以通过	64	4.906890595608519	2.266702804450263	0.17549668874172186
喂养	64	6.754887502163469	2.1181125700076544	0.17350709978603385
找到	64	6.22881869049588	3.287230146650821	0.428226779252111
清热	64	4.643856189774724	2.750807235905091	0.16251424849373067
清除	64	5.643856189774724	3.3286267670198737	0.22543950361944157
考虑	64	9.477758266443889	3.60845859334435	0.24197247706422018
刺激性	63	3.700439718141092	2.6909982834540362	0.38213978626704337
矫正	63	7.6147098441152075	3.248233832955444	0.18489289740698986
解决	63	6.714245517666122	2.77093071715071	0.2930940728656879
让孩子	63	5.044394119358453	2.7309821150497138	0.3007518796992481
劳动	62	4.700439718141093	2.6790567938391066	0.20137250696976194
双手	62	5.78135971352466	2.0368233459434157	0.3142497640767537
无法	62	4.0	3.3797242037038506	0.40856707058723835
时应	62	1.0	3.4617878424355712	0.25925925925925924
更加	62	4.392317422778761	3.6034123432601906	0.11851530280008682
硬化	62	6.209453365628951	2.1327282375613397	0.2456782591010779
摄入	61	7.569855608330948	3.0521891561631387	0.2624858115777526
明确	61	5.20945336562895	2.1058756888245087	0.18959537572254334
亦可	60	5.285402218862249	2.66161571439881	0.13237639553429026
修复	60	7.607330313749611	2.6062389286533896	0.19462983082415025
十分	60	6.491853096329675	3.2367000510807125	0.10073635924674071
夜间	60	6.22881869049588	2.4402239289418524	0.2927847346451998
季节	60	7.832890014164742	2.0879430945989	0.3930534732633683
挂号	60	10.363039630256514	2.5031194643266947	0.48017148981779206
收缩	60	8.092757140919852	2.166457281989699	0.2680995475113122
无力	60	3.8073549220576037	2.0212764279322335	0.3283357485230186
晶体	60	6.022367813028454	2.7655962303576023	0.14254062038404727
自然	59	4.754887502163469	2.6556731533783404	0.26399433141006173
一侧	58	3.0	3.0648775468517107	0.20607375271149675
吃一些	58	5.459431618637297	2.3177224818376847	0.35579253514299564
常规	58	4.0	2.3423101894996523	0.15142219743446736
教育	58	8.276124405274238	3.5983490981282342	0.14664664664664664
次数	58	5.7279204545632	2.6490893947492995	0.16442307692307692
气体	58	1.0	2.8972705179552394	0.16160046615519083
污染	58	7.491853096329675	2.513153408920676	0.20275689223057644
混合	58	6.539158811108032	2.2128039440805085	0.14935988620199148
狭窄	58	11.67815995754276	2.6366611405892777	0.479020979020979
经过	58	2.807354922057604	3.1676516844843357	0.17549668874172186
脑瘫患儿	58	5.857980995127572	2.1057900458818795	0.1592641261498029
一点	57	2.321928094887362	2.6538247884058723	0.2674922938432581
宣传	57	8.714245517666123	2.7914720260984893	0.21481636496808623
应当	57	3.1699250014423126	2.933570611740445	0.17937853107344634
现代	57	4.392317422778761	2.373834827568563	0.18479673287544088
生产	57	2.0	3.1615801456298223	0.16591019822037592
电子	57	5.08746284125034	2.3942935229366715	0.1518325541558117
发烧	56	4.643856189774724	2.05526027827326	0.12042105263157894
均可	56	3.9068905956085187	3.526129815595918	0.13237639553429026
增长	56	3.3219280948873626	2.50448328356783	0.21072623362141066
恶性	56	3.9068905956085187	2.717021885879718	0.38213978626704337
感到	56	2.0	3.5086217800361656	0.24474924989284183
显著	56	8.459431618637296	3.1011250109569852	0.319906008727761
死亡	56	10.122827994807668	2.142949245838755	0.299601593625498
白细胞总数	56	7.807354922057604	2.1465158697712505	0.3818505338078292
睡觉	56	6.39231742277876	2.3054353575929514	0.34656188605108057
维持	56	5.882643049361842	2.8005341620859316	0.22352279122115926
牛奶	55	8.72451385311995	2.4015099396566484	0.2272032603158431
严重影响	54	5.08746284125034	2.9962229297425793	0.35360763267740014
培养	54	7.8826430493618425	2.1581047637021826	0.13345998575160295
尽快	54	6.845490050944376	3.5039824091702343	0.121415170195658
平衡	54	7.820178962415189	2.3845171317930984	0.2877423571272965
应及时	54	3.4594316186372978	2.1072257132280696	0.14850198715988994
异物	54	4.08746284125034	3.2728129676818574	0.26423595177506154
放射	54	7.6582114827517955	2.206267357232602	0.21466666666666667
易患	54	2.0	2.060262039120377	0.31268205243110014
流质	54	3.3219280948873626	2.269859928036589	0.22186095438462275
眼睛	54	8.204571144249204	3.3454894353112374	0.1716626002091321
给患者	54	3.3219280948873626	2.6067393540153208	0.35840418574231525
胃肠	54	7.734709620225839	2.0141467614227277	0.21407035175879396
充血	53	4.584962500721157	2.402662607801804	0.17718324078748107
两种	52	4.169925001442312	2.9612366047228753	0.25059254471019177
分为	52	1.5849625007211563	3.530963873657757	0.1922984065668759
及其	52	2.321928094887362	2.6031579868725996	0.1391020721412126
广泛	52	9.902375114486025	2.9500637564362098	0.15654520917678813
看病	52	1.5849625007211563	2.0499547418625053	0.40615773935048505
破坏	52	9.233619676759702	2.7343083535732555	0.3224489795918367
而导致	52	4.392317422778761	3.320658834259276	0.14800360252176523
联合	52	6.321928094887362	3.483074931433276	0.14935988620199148
养成	51	3.4594316186372978	2.742235563370933	0.26921414368462004
单纯	51	9.068778277985412	2.1728633436370837	0.3032104637336504
一定要注意	50	5.247927513443585	3.0644984515601634	0.2674922938432581
两侧	50	6.357552004618085	2.298688570451097	0.20607375271149675
主动	50	3.0	2.724889451733241	0.1968791796700847
人员	50	5.357552004618084	3.523856189774724	0.13589632038101343
保健食品	50	6.954196310386876	2.802292189082414	0.28480813916975445
免疫功能	50	6.584962500721156	2.1117374334224666	0.26610871130309577
加快	50	4.700439718141093	2.479627536341357	0.121415170195658
呼气	50	2.0	2.178830073557112	0.25444304166262016
消除	50	5.392317422778761	2.1117374334224666	0.22543950361944157
留下	50	5.247927513443585	2.0597218324096134	0.22211742513558122
真菌	50	5.754887502163469	2.659470570797252	0.36075427224513845
结膜	50	4.08746284125034	2.4490255736436506	0.27110060769750166
一段	49	3.3219280948873626	2.055894281698603	0.2674922938432581
保健品	49	5.285402218862249	2.7260419928452957	0.28480813916975445
健康产业	49	7.366322214245815	3.1608595200671683	0.1800145878920496
动物	49	1.5849625007211563	2.6851409661226637	0.11623418400171563
电视	49	6.209453365628951	2.1081573309293877	0.1518325541558117
全面	48	3.4594316186372978	2.7212518360044666	0.3286838952592846
即可	48	3.3219280948873626	3.2212518360044666	0.13237639553429026
止血	48	3.5849625007211565	2.4364823836654392	0.17718324078748107
注射	48	5.700439718141093	3.1776942711037672	0.21466666666666667
演唱	48	10.200898605038445	2.292481250360578	0.20256821829855537
病原体	48	3.700439718141092	2.7814536459234778	0.11332755131540907
管壁	48	5.857980995127572	2.2969371097526867	0.14820435002529084
给大家	48	4.523561956057013	2.369910023274066	0.1806695091676222
觉得	48	5.832890014164742	2.766150648454355	0.10098231827111984
发现孩子	46	4.459431618637297	2.370963042825407	0.13878864298447757
商务	46	7.098032082960527	2.367744176688583	0.12901085044961344
患者可以	46	2.584962500721156	2.258096028412048	0.13683818046234153
慢性肺	46	2.321928094887362	2.176858979924966	0.1643835616438356
易发生	46	3.700439718141092	2.347312051491349	0.3045875323742852
毛细血管	46	7.169925001442313	2.020800094781482	0.1385306019221042
看到	46	3.4594316186372978	2.488403899223372	0.40615773935048505
眼球	46	5.954196310386876	2.1190850469784714	0.1716626002091321
纤维化	46	6.303780748177103	2.0513617891875495	0.13466257668711656
经济	46	7.523561956057013	2.9637460689320965	0.14485683987274656
继续	46	7.754887502163469	3.5183699787194596	0.13942151446213844
网络	46	8.741466986401146	2.2580960284120484	0.21266038137095059
耽误	46	9.799281621521923	2.065765216362195	0.3600891861761427
肋骨	46	7.129283016944966	2.731419306105986	0.28346111719605693
胸廓	46	7.209453365628949	2.9053323495842474	0.4068678459937565
获得	46	7.807354922057604	2.8725111538380097	0.2326782564877803
虐待	46	10.148476582178278	2.2266523289565594	0.22796554009277667
血栓	46	4.392317422778761	2.718789129781929	0.3043917213528521
表面	46	3.0	2.6914330218214646	0.20391745365512418
其它	44	5.20945336562895	2.2026706871943627	0.15943975441289332
成人	44	1.5849625007211563	2.272808148826652	0.30798824241376327
早发现	44	4.857980995127573	2.2787875981356107	0.15721761883994767
更为	44	2.584962500721156	2.3843641434371503	0.2534637326813366
牙本质	44	7.45121111183233	2.2312702546075758	0.22969187675070027
管内	44	2.0	2.168232893338811	0.11329701372074254
胰腺	44	8.60733031374961	2.0566768987283126	0.19170506912442398
能使	44	2.0	3.07732380242972	0.1690964722822174
见到	44	2.584962500721156	2.1803877328455874	0.15267562769464874
世界	43	10.584022940257542	2.548394036500216	0.23943938699325432
合成	43	2.807354922057604	2.5835050831124704	0.19498851077798446
大便	43	3.1699250014423126	2.6300167110194472	0.1812015503875969
感受	43	3.1699250014423126	2.0225061748237705	0.2016057091882248
一直	42	2.807354922057604	3.0589840894454268	0.20572057205720573
交叉	42	9.804131021183318	2.415661470191764	0.26491212093616245
健脾	42	6.475733430966398	2.1040437177782714	0.1800145878920496
初期	42	6.266786540694902	2.8199578985571474	0.37443768192643556
别人	42	3.0	2.2485293271285762	0.35809310100061825
可导致	42	2.321928094887362	2.1273877651912745	0.22304147465437787
均匀	42	9.896332403909941	2.0321496699531796	0.1986444212721585
实验	42	6.857980995127572	2.1273877651912745	0.15944453739334113
患侧	42	3.3219280948873626	2.678031708493046	0.20607375271149675
成功	42	3.5849625007211565	2.484996098730652	0.30798824241376327
手指	42	4.169925001442312	2.7152088061657302	0.14068441064638784
精神分裂症	42	6.209453365628951	2.257606878811597	0.3944506413831567
要保持	42	3.0	2.3342564252133498	0.23570712136409228
多注意	41	1.5849625007211563	2.5743048353874807	0.30544056771141337
要进行	41	1.0	2.2378854718635903	0.25951016154247003
一方面	40	2.807354922057604	2.0393538721672013	0.2674922938432581
乳头	40	5.285402218862249	2.4577174691301487	0.3077438178600469
从事	40	6.189824558880018	3.121928094887362	0.27361458417359036
传播	40	8.945443836377912	2.070950594454669	0.19786543894527572
传统	40	6.285402218862249	2.319240704636849	0.19786543894527572
体位	40	2.584962500721156	2.0814963295286755	0.10994828859886728
几种	40	4.754887502163469	2.5016094970590275	0.25059254471019177
压迫	40	7.491853096329675	3.1464393446710153	0.20719632938903645
反射	40	6.643856189774725	3.065957320949175	0.21466666666666667
变得	40	4.169925001442312	3.6086949695628423	0.2326782564877803
应该注意	40	4.700439718141093	3.1414460711655217	0.29297954671089
按摩	40	9.709083812550345	3.2414460711655213	0.13457617244392658
排便	40	6.285402218862249	2.789353872167201	0.1812015503875969
无明显	40	5.08746284125034	3.0841837197791886	0.17153407183618663
玩具	40	8.379378367071263	2.1814963295286756	0.24436741767764297
盲目	40	6.569855608330948	2.695461844238322	0.40842148931756894
眼部	40	2.807354922057604	3.121928094887362	0.1716626002091321
肺炎患儿	40	3.3219280948873626	2.484183719779189	0.42578510069004366
胎儿	40	5.857980995127572	2.419973094021975	0.2153484729835552
胸腔积液	40	7.312882955284356	2.7016094970590276	0.4068678459937565
能引起	40	2.0	2.463865121950854	0.1690964722822174
要积极	40	3.1699250014423126	2.8393538721672007	0.1746848469256496
实施	39	6.149747119504682	3.4382458081620504	0.15944453739334113
彻底	39	10.293471648838134	2.124930912037085	0.2217741935483871
乳房	38	6.988684686772166	2.034572365811466	0.30930157708400385
体弱	38	3.700439718141092	2.292071752457787	0.10994828859886728
充分	38	4.807354922057604	2.7345123817507724	0.10073635924674071
协助	38	6.870364719583405	3.321104330578491	0.13038130381303814
参加	38	4.754887502163469	3.1158340921632215	0.11851530280008682
只能	38	3.3219280948873626	2.746384091707754	0.26610871130309577
天气	38	2.807354922057604	3.0761031709967233	0.25444304166262016
威胁	38	11.371232128369623	2.4584538292330596	0.23354104578704957
密度	38	5.977279923499917	2.289017989818658	0.26363287250384027
尽早	38	5.169925001442312	2.655050539417775	0.14581939799331103
左右	38	9.888743248898258	2.394281147713395	0.25802615933412604
引起支气管	38	3.4594316186372978	2.1837548319239213	0.1385306019221042
快速	38	6.714245517666122	2.4842551447948	0.1755546075085324
抽动症	38	5.954196310386876	2.5637169871277967	0.6764705882352942
放入	38	5.321928094887363	2.5239860659612976	0.3079688436189335
检测	38	6.375039431346925	3.1105780147890174	0.17052229906987837
疾病患者	38	1.0	2.0300872246321315	0.24113009198423127
病原菌	38	5.285402218862249	2.2492870686521598	0.11332755131540907
白细胞计数	38	7.734709620225839	2.1868085945630504	0.3818505338078292
相当	38	4.169925001442312	2.615319618251277	0.17937853107344634
睡前	38	4.459431618637297	2.0750742231728343	0.1516088400320623
累及	38	4.906890595608519	2.147077673396552	0.2583668005354752
美容	38	6.554588851677638	2.6475921473084965	0.30688124306326303
胸液	38	2.807354922057604	2.2942740671928625	0.4068678459937565
要根据	38	3.1699250014423126	2.9633816209927075	0.25951016154247003
入睡	36	4.754887502163469	2.8218881955261788	0.1623864085341762
其他疾病	36	4.247927513443585	2.102187170949333	0.15943975441289332
双侧	36	6.672425341971495	2.1552215288595122	0.20607375271149675
如何预防	36	5.7279204545632	2.080500530640267	0.1009349030470914
小叶	36	5.08746284125034	2.0985798617120746	0.14072494669509594
恐惧	36	11.878050912728536	2.5304930567574826	0.4163934426229508
施虐	36	8.581200581924957	2.1021871709493336	0.4254545454545455
止咳	36	4.459431618637297	2.080500530640267	0.22591743119266056
现场	36	3.8073549220576037	2.9655292671008886	0.39140863497601397
而出现	36	2.321928094887362	3.3921472236645345	0.14800360252176523
肢体	36	4.08746284125034	2.411509198419911	0.24838709677419354
肺间质	36	2.0	2.4806821149663847	0.2886483044101258
血清	36	2.584962500721156	2.974937501201927	0.23095604786162777
观众	36	8.016808287686553	2.8988916461579395	0.2257869249394673
合作	35	2.321928094887362	2.251836652504163	0.19498851077798446
清洗	35	5.554588851677638	2.64903629388286	0.13602668643439586
丧失	34	8.909893083770042	2.133387491316597	0.2089389534883721
中枢	34	6.475733430966398	2.374556048381884	0.39124830966869506
为您	34	3.5849625007211565	2.424835634986198	0.1643575115457756
低血	34	2.584962500721156	2.225610814520738	0.17718324078748107
做一	34	1.0	2.092395372962479	0.10614037480564117
双眼	34	5.247927513443585	3.057476076289932	0.21662600209132102
变为	34	1.5849625007211563	2.984234164652489	0.2534637326813366
同样	34	3.5849625007211565	2.5580510765444577	0.3673640167364017
呈现	34	3.5849625007211565	3.1692486956952335	0.15721761883994767
哮喘	34	9.787902559391432	2.1162996057016965	0.22988505747126436
微血管	34	6.523561956057013	2.1162996057016965	0.1385306019221042
心血管	34	3.5849625007211565	2.0132790219068077	0.12101817649855538
成熟	34	5.523561956057013	2.307188576162669	0.21181262729124237
提前	34	3.9068905956085187	2.651793902628769	0.1516088400320623
晶状体	34	6.727920454563199	2.3432578733442675	0.14254062038404727
皮疹	34	6.321928094887362	2.696199049814856	0.253933157581427
种方法	34	2.584962500721156	2.374556048381884	0.1885369532428356
经验	34	5.392317422778761	2.777776811456787	0.23721851390009535
要想	34	2.807354922057604	2.291620193427939	0.25951016154247003
解毒	34	2.807354922057604	2.08746284125034	0.3346074683916495
严格	33	6.247927513443586	2.983788058752393	0.25842813902515394
免费	33	6.409390936137703	2.7710744221265178	0.2699429207851872
加入	33	3.1699250014423126	2.840483332897831	0.3166732516791782
形式	33	5.285402218862249	2.345647148874768	0.12472687545520758
数据	33	5.044394119358453	2.765021969392586	0.2640569395017794
举办	32	8.379378367071263	2.646782221599798	0.24804177545691905
侵入	32	7.066089190457772	2.7743974703476995	0.3166732516791782
共同	32	6.426264754702098	2.7806390622295662	0.2576476057647606
可以预防	32	3.1699250014423126	2.375	0.1009349030470914
可发生	32	1.0	3.0	0.3045875323742852
向下	32	2.807354922057604	2.0550365325772657	0.22211742513558122
含量	32	4.392317422778761	2.4834585933443494	0.5228820484881503
展示	32	4.954196310386876	2.0461796919474975	0.1384472912486495
影响到	32	3.0	2.5550365325772657	0.10207113519182033
想象	32	7.098032082960527	2.3050365325772657	0.17727952167414052
抗病毒	32	5.129283016944966	2.3112781244591325	0.3346074683916495
淋巴结	32	7.219168520462162	2.4056390622295662	0.1637407157326131
病人可	32	2.0	2.146782221599798	0.11332755131540907
确定	32	3.5849625007211565	2.375	0.26157299167679793
经营	32	3.9068905956085187	2.6556390622295662	0.22018089315997738
联系	32	6.643856189774725	2.077819531114783	0.24417441029306647
肺动脉	32	3.4594316186372978	2.2806390622295662	0.4095238095238095
肺炎病人	32	3.1699250014423126	2.702819531114783	0.35809310100061825
色或	32	1.0	2.2334585933443494	0.10618469358938153
角膜	32	5.78135971352466	3.077819531114783	0.11931902294596596
一部分	30	2.584962500721156	2.9995812306460645	0.10073635924674071
三种	30	3.3219280948873626	2.7395722619867224	0.25059254471019177
中毒性	30	3.0	2.0419460322060456	0.38213978626704337
乳牙	30	4.0	2.6062389286533896	0.2178649237472767
人民	30	5.08746284125034	2.2389205950315936	0.13589632038101343
伤口	30	3.3219280948873626	2.2892464285091583	0.2051785013730875
促使	30	5.0	2.146465798504072	0.24425666754687086
全国	30	3.4594316186372978	2.5967916319816364	0.10215238979674371
准确	30	6.426264754702098	2.682588730501833	0.16432673899170389
分辨	30	5.672425341971496	2.8402239289418523	0.1922984065668759
各地	30	4.857980995127573	3.132914563979398	0.2819944064037033
外伤	30	4.0	2.146465798504072	0.36032696511738427
如此	30	2.0	2.3068905956085186	0.2234513274336283
实现	30	2.321928094887362	2.0049355947431313	0.15721761883994767
小心	30	1.0	2.440223928941852	0.3563612759643917
怀疑	30	9.693486957499326	2.739572261986723	0.38412017167381973
浸润	30	10.598982971036092	2.1492553971685	0.19145424536952135
混浊	30	9.187352073200497	3.1329145639793974	0.43252595155709345
温度	30	4.643856189774724	2.3395722619867225	0.5299830284744484
温热	30	4.523561956057013	2.041946032206046	0.16251424849373067
男人	30	4.523561956057013	2.739572261986723	0.2610912799592045
而引起	30	2.584962500721156	2.3068905956085186	0.14800360252176523
而影响	30	3.1699250014423126	3.056564762130954	0.14800360252176523
脊柱	30	9.917372079476841	2.1735572622751858	0.3454810495626822
脑膜炎	30	4.754887502163469	2.4634582986483036	0.1592641261498029
认真	30	6.491853096329675	2.206238928653389	0.263877430760165
人士	29	4.954196310386876	2.770762891231682	0.13589632038101343
参观	29	6.357552004618085	3.0986861672429558	0.26952303961196444
大众	29	4.754887502163469	2.319515776501326	0.2257869249394673
招标	29	8.90086680798075	2.0582068778892717	0.3086747387626472
滋补	29	8.744833837499545	2.6259445829482426	0.13864975079293157
给宝宝	29	4.392317422778761	2.9742158060554793	0.17947751821150465
中央	28	6.554588851677638	2.7534343861887853	0.13924050632911392
为慢性	28	2.0	2.217021885879718	0.1643575115457756
以往	28	2.0	2.217021885879718	0.26230975828111014
伸展	28	6.614709844115209	2.2608203181716595	0.27751196172248804
全部	28	2.321928094887362	2.406666316740689	0.4473911541119558
动或	28	1.0	2.128085278891394	0.11623418400171563
发挥	28	5.554588851677638	2.6644977792004614	0.13878864298447757
各位	28	4.700439718141093	2.263809173883546	0.3969948596283116
多吃一些	28	5.426264754702098	2.067031495157584	0.3793965660943491
大部分	28	3.5849625007211565	2.064042639445697	0.10073635924674071
宫颈	28	8.413627929024173	2.6384600665861555	0.18093922651933703
展览会	28	5.392317422778761	2.403677461028802	0.1384472912486495
弯腰	28	7.383704292474053	2.6644977792004614	0.16761768901569188
心电图	28	6.794415866350106	2.2608203181716595	0.12101817649855538
想要	28	2.584962500721156	2.9852281360342516	0.17727952167414052
或伴	28	3.0	2.217021885879718	0.3533724340175953
指压	28	4.321928094887363	2.1280852788913944	0.15914030427432987
早期发现	28	5.643856189774724	2.217021885879718	0.15721761883994767
泪囊炎	28	5.832890014164742	2.1179631753145163	0.24789410348977137
照射	28	8.383704292474054	2.2608203181716595	0.18754084077543018
痛等	28	1.0	2.556656707462823	0.16966656830923577
确认	28	4.857980995127573	2.521640636343318	0.13227146814404434
要通过	28	1.5849625007211563	2.263809173883546	0.17549668874172186
要避免	28	1.5849625007211563	2.09306920777189	0.15455140798952194
要重视	28	3.5849625007211565	2.217021885879718	0.1520127118644068
供应	27	4.08746284125034	2.3467560203614735	0.23602693602693603
患者们	27	1.0	2.0860780054608785	0.2167381974248927
一只	26	1.5849625007211563	2.161978179679554	0.10235640648011782
决定	26	5.700439718141093	2.7773627950641693	0.26157299167679793
加速	26	4.247927513443585	2.0349409139562287	0.1755546075085324
听力	26	5.129283016944966	2.7773627950641697	0.3283357485230186
如何正确	26	6.94251450533924	2.499698143184414	0.18959537572254334
妈妈们	26	5.285402218862249	2.1416195253341384	0.1382059800664452
应尽量	26	4.392317422778761	2.411602217974672	0.29297954671089
开展	26	3.8073549220576037	2.469670487371862	0.27751196172248804
微生物	26	6.845490050944376	2.1887870678023824	0.26423595177506154
排除	26	5.584962500721157	2.6535442970305687	0.22543950361944157
放置	26	7.139551352398794	2.199687794731328	0.3079688436189335
易感	26	1.5849625007211563	2.6031579868726	0.24389198456922417
普遍	26	11.244958393151133	2.6535442970305683	0.3076923076923077
根治	26	2.584962500721156	2.8731406795131336	0.10824195259992925
满足	26	7.066089190457772	2.353533948577482	0.16753321779318314
火锅	26	9.459431618637296	2.038159681645953	0.3359198189460071
等因素	26	2.807354922057604	2.353533948577482	0.2838595455886692
糜烂	26	12.124767535822473	2.1887870678023824	0.2723735408560311
给人	26	1.5849625007211563	2.0458416408851736	0.35809310100061825
给我们	26	3.0	2.1416195253341384	0.35840418574231525
而形成	26	4.08746284125034	2.873140679513133	0.14800360252176523
而致	26	2.321928094887362	2.5073801024236357	0.14800360252176523
肿块	26	5.554588851677638	2.075869296697727	0.12223071046600459
能帮助	26	2.807354922057604	2.0349409139562287	0.1690964722822174
脑脊液	26	7.826548487290916	2.0349409139562287	0.1592641261498029
言语	26	8.353146825498083	2.1887870678023824	0.23843470347338086
慢慢	25	3.3219280948873626	2.401706277574314	0.22111553784860558
要点	25	1.0	2.0213152774012366	0.25951016154247003
内压	24	2.584962500721156	2.221251836004466	0.15914030427432987
内科	24	3.1699250014423126	2.0849625007211565	0.16525115871226356
创造	24	6.6293566200796095	2.4591479170272446	0.2308939793229272
发布	24	2.807354922057604	2.355388542207534	0.13878864298447757
可闻及	24	5.321928094887363	2.054585169337799	0.2583668005354752
呼吸功能	24	3.3219280948873626	2.125814583693911	0.26610871130309577
外出	24	1.0	2.292481250360578	0.13053040103492886
多年	24	1.0	2.125814583693911	0.33043768793852324
尽可能	24	5.169925001442312	2.0545851693377997	0.2492816091954023
展位	24	3.3219280948873626	2.251629167387823	0.1384472912486495
帮助到	24	3.4594316186372978	2.054585169337799	0.30849220103986136
常表现为	24	3.4594316186372978	2.2841591278514217	0.2534637326813366
打造	24	5.754887502163469	2.5220552088742005	0.2308939793229272
摩擦	24	8.867278739709663	2.251629167387823	0.1734006734006734
暂时	24	5.247927513443585	2.4508257945180882	0.14850198715988994
最为	24	1.0	2.617492461184755	0.2534637326813366
植发	24	3.700439718141092	2.221251836004466	0.18409496065046307
模式	24	8.066089190457772	2.292481250360578	0.2100456621004566
涂片	24	7.400879436282184	2.8553885422075336	0.53609239653513
消炎	24	1.0	2.4182958340544896	0.486586493987049
淋巴细胞	24	7.159871336778389	2.125814583693911	0.30606860158311344
病例	24	2.807354922057604	2.221251836004466	0.11332755131540907
眼镜	24	5.614709844115208	2.292481250360578	0.1716626002091321
知名	24	6.285402218862249	2.355388542207534	0.21005459977335944
禁忌	24	9.027905996569885	2.084962500721156	0.5041509433962265
科医生	24	4.584962500721157	2.584962500721156	0.14433170487285482
而加	24	1.5849625007211563	2.125814583693911	0.11851530280008682
腰背部	24	6.714245517666122	2.0849625007211565	0.4900142653352354
表现出	24	1.5849625007211563	2.9182958340544896	0.13053040103492886
要坚持	24	3.8073549220576037	2.5220552088742005	0.23570712136409228
视功能	24	4.169925001442312	2.292481250360578	0.16247351694915255
证明	24	5.044394119358453	2.125814583693911	0.10770893371757925
提出	23	1.5849625007211563	2.0444510861155405	0.13053040103492886
计算	23	9.705632387361414	2.5575062626277254	0.15510729613733906
伴随	22	5.357552004618084	2.5503407095463886	0.13937058445728967
住院	22	6.189824558880018	2.0494520727893946	0.21917148362235067
使患者	22	1.5849625007211563	2.3685225277282065	0.3886981779772907
光线	22	5.169925001442312	2.0494520727893946	0.1607469654528478
入口	22	2.321928094887362	2.2998963911678914	0.1623864085341762
到达	22	4.247927513443585	2.2221915755066783	0.14584382871536525
受压	22	3.8073549220576037	2.3685225277282065	0.15914030427432987
商业	22	4.754887502163469	2.413088436425758	0.12901085044961344
喘息	22	6.491853096329675	2.0494520727893946	0.27598566308243727
坐位	22	5.554588851677638	2.004886164091843	0.4852216748768473
宣肺	22	3.8073549220576037	2.5503407095463886	0.1643835616438356
寻求	22	8.199672344836364	2.4040097573248604	0.3667443667443667
帮助患者	22	3.0	2.368522527728207	0.30849220103986136
并发肺	22	2.584962500721156	2.004886164091843	0.1643835616438356
应先	22	2.807354922057604	2.7321588913645707	0.24439343104361647
引流	22	2.584962500721156	2.59490661824394	0.2946351726116477
抗结核药物	22	6.930737337562887	2.0403733936884967	0.26423595177506154
按照	22	8.233619676759702	2.481714572986073	0.2500544543672403
日益	22	5.832890014164742	2.4040097573248604	0.25249169435215946
注意一些	22	3.3219280948873626	2.59490661824394	0.32395498392282956
生长发育	22	5.491853096329675	2.0494520727893946	0.16591019822037592
甲亢	22	9.219168520462162	2.2998963911678914	0.21259940357852883
监测	22	9.350939181546432	2.4040097573248604	0.2121122599704579
眼内	22	2.0	2.2221915755066783	0.11329701372074254
筛查	22	7.483815777264256	2.0403733936884962	0.2526232429221936
肛门	22	9.544964432789238	2.2998963911678914	0.3043211454870877
胸壁	22	4.954196310386876	2.5503407095463886	0.33194154488517746
能做	22	1.0	2.0403733936884962	0.1690964722822174
舞蹈	22	12.942697762886757	2.0403733936884962	0.15946526617331105
要做到	22	4.247927513443585	2.845350936622437	0.25951016154247003
要知道	22	2.321928094887362	2.5503407095463886	0.25951016154247003
解除	22	3.0	2.3685225277282065	0.22543950361944157
权威	21	10.674192268145685	2.297079327540665	0.15829676580529822
一条	20	2.807354922057604	2.5219280948873624	0.25540910221337976
一阵	20	4.321928094887363	2.721928094887362	0.2674922938432581
为全	20	1.0	2.3709505944546683	0.1643575115457756
买家	20	6.10852445677817	2.3709505944546687	0.1806695091676222
代表	20	4.321928094887363	2.4464393446710155	0.2135697048449972
仪器	20	7.219168520462162	2.1609640474436813	0.10516969218626677
供给	20	5.08746284125034	2.6464393446710157	0.23602693602693603
健康产品	20	4.857980995127573	2.5219280948873624	0.1800145878920496
健康服务业	20	7.643856189774724	2.121928094887362	0.1800145878920496
冠状动脉	20	9.259743263690781	2.6464393446710153	0.20907247845919918
净化	20	5.285402218862249	2.5219280948873624	0.2456782591010779
分享	20	7.294620748891627	2.0464393446710156	0.1922984065668759
到医院进行	20	5.357552004618084	2.446439344671015	0.14584382871536525
向内	20	2.584962500721156	2.3219280948873626	0.11329701372074254
含钙	20	5.672425341971496	2.0464393446710156	0.4254545454545455
呼吸衰竭	20	5.523561956057013	2.0464393446710156	0.5624438454627134
堵塞	20	9.211888294546004	2.6464393446710153	0.17457430980327326
多次	20	2.0	2.3219280948873626	0.26346153846153847
大学	20	1.0	2.5219280948873624	0.3266661773341163
大致	20	1.0	2.0464393446710156	0.22304147465437787
寻找	20	8.535275376620802	2.721928094887362	0.13510253317249699
尚未	20	8.839203788096945	2.6464393446710157	0.1018867924528302
广告	20	8.308339030139408	2.5219280948873624	0.4834892680242157
强烈	20	6.754887502163469	2.5219280948873624	0.2797070635483109
握拳	20	10.482807956726667	2.1219280948873624	0.3215258855585831
支撑	20	7.294620748891627	2.1609640474436813	0.18276570757486787
教授	20	9.842350343413809	2.5219280948873624	0.14664664664664664
数目	20	4.321928094887363	2.446439344671015	0.2640569395017794
男子	20	4.643856189774724	2.0464393446710156	0.2610912799592045
科技	20	6.247927513443586	2.8464393446710154	0.11962511185418924
稀释	20	10.582141981658777	2.0464393446710156	0.225
缝合	20	6.870364719583405	2.321928094887362	0.14935988620199148
膝关节	20	9.355351096424812	2.321928094887362	0.4212218649517685
要加强	20	3.0	2.2464393446710154	0.25951016154247003
覃某	20	10.498849206531725	2.0464393446710156	0.4010152284263959
记录	20	9.804131021183318	2.1219280948873624	0.10904768979349279
以清	19	1.0	2.2479275134435857	0.23095604786162777
双方	19	3.3219280948873626	2.5895183026895365	0.1435382570027048
吸引	19	1.0	2.4584538292330596	0.22203171881697387
文化	19	4.321928094887363	2.3789919869000626	0.19390540100658538
让他	19	4.247927513443585	2.0784916740291846	0.241397021058038
予以	18	3.0	2.2810361125534233	0.1292834890965732
交易	18	4.169925001442312	2.4193819456463714	0.1919112704458884
交替	18	9.523561956057014	2.725480556997868	0.19472913616398244
依赖	18	11.476239906323851	2.6416041678685933	0.107085346215781
创伤	18	6.357552004618085	2.058813890331201	0.37575635336829366
及其他	18	3.0	2.94770277922009	0.1392235609103079
发展为	18	2.0	2.4193819456463714	0.13878864298447757
可以使	18	2.0	2.2810361125534233	0.24425666754687086
可以帮助	18	3.5849625007211565	2.725480556997868	0.26675485008818345
大型	18	1.0	2.058813890331201	0.3266661773341163
妇科	18	6.266786540694902	2.058813890331201	0.16525115871226356
导致肺	18	1.0	2.058813890331201	0.1643835616438356
延长	18	3.9068905956085187	2.197159723424149	0.21072623362141066
患者一定要	18	2.807354922057604	2.197159723424149	0.2167381974248927
患者吃	18	1.5849625007211563	2.058813890331201	0.2167381974248927
排队	18	9.076815597050832	2.058813890331201	0.2993421052631579
推动	18	4.169925001442312	2.2810361125534233	0.20137250696976194
推荐	18	10.708221730038353	2.4193819456463714	0.48555499239736444
支原体感染	18	5.807354922057605	2.113283334294875	0.18276570757486787
最容易	18	3.8073549220576037	2.058813890331201	0.1919112704458884
最易	18	2.584962500721156	2.197159723424149	0.1919112704458884
热或	18	1.0	2.4193819456463714	0.2433774834437086
生存	18	2.321928094887362	2.4193819456463714	0.16591019822037592
等富含	18	4.857980995127573	2.4193819456463714	0.11569731081926204
红细胞	18	4.321928094887363	2.058813890331201	0.3765932792584009
纤维蛋白	18	7.10852445677817	2.1971597234241496	0.10053115186290854
而使	18	1.5849625007211563	2.2810361125534233	0.14800360252176523
要到医院	18	3.4594316186372978	2.197159723424149	0.25951016154247003
众多	17	3.8073549220576037	2.2051099000738694	0.14652442073678945
报告	17	9.169925001442314	2.1079637556972086	0.15233570863024545
下呼吸道	16	2.0	2.0	0.34276507113102256
中线	16	2.321928094887362	2.1556390622295662	0.39124830966869506
仍然	16	6.022367813028454	2.4056390622295662	0.26399433141006173
伴发	16	1.0	2.1556390622295662	0.18409496065046307
侵袭	16	10.250298417906333	2.4056390622295662	0.4461756373937677
保障	16	2.807354922057604	2.1556390622295662	0.28480813916975445
做出	16	1.0	2.5	0.13053040103492886
免疫系统	16	5.930737337562887	2.1556390622295662	0.5317616240995415
内侧	16	3.0	2.0	0.20607375271149675
分钟	16	6.672425341971495	2.25	0.17800035143208576
刻板	16	9.335390354693924	2.0	0.22297297297297297
及相关	16	3.0	2.75	0.1392235609103079
发病时	16	1.0	2.0	0.13878864298447757
受力	16	2.0	2.1556390622295662	0.3283357485230186
变异	16	3.4594316186372978	2.4056390622295662	0.22029633771316745
可以给	16	2.321928094887362	2.1556390622295662	0.31523871811641596
可能出现	16	2.807354922057604	2.5	0.15721761883994767
地进行	16	2.807354922057604	2.75	0.17102259941492268
尿道	16	3.9068905956085187	2.0	0.30939716312056736
带孩子到	16	5.930737337562887	2.1556390622295662	0.18179657794676807
开心	16	2.0	2.1556390622295662	0.30685189204833224
强化	16	2.807354922057604	2.1556390622295662	0.2456782591010779
强迫	16	6.523561956057013	2.4056390622295662	0.2797070635483109
当地	16	3.0	2.4056390622295662	0.2819944064037033
或其他	16	2.807354922057604	2.5	0.241397021058038
手机	16	2.807354922057604	2.0	0.22858341197441542
手臂	16	5.954196310386876	2.75	0.22858341197441542
找出	16	3.5849625007211565	2.75	0.13053040103492886
抽搐	16	10.348728154231079	2.0	0.5161290322580645
排骨	16	4.584962500721157	2.1556390622295662	0.28346111719605693
操作	16	5.554588851677638	2.5	0.23452975920036348
方法来	16	1.5849625007211563	2.0	0.30724797139320587
普及	16	4.321928094887363	2.0	0.2583668005354752
杀灭	16	9.121533517340032	2.25	0.3145639288738357
查明	16	2.321928094887362	2.1556390622295662	0.32517726954958553
根本	16	4.584962500721157	2.0	0.10824195259992925
正式	16	3.5849625007211565	2.0	0.28080206152359477
涵盖	16	11.129283016944967	2.4056390622295662	0.192
滤过	16	5.78135971352466	2.0	0.17549668874172186
牵引	16	6.554588851677638	2.1556390622295662	0.22203171881697387
监护	16	6.6582114827517955	2.1556390622295662	0.1960306406685237
等刺激性	16	4.906890595608519	2.0	0.2838595455886692
自行	16	1.0	2.5	0.3383177570093458
要经常	16	2.0	2.1556390622295662	0.10207732829738594
视为	16	1.0	2.75	0.16247351694915255
吃蛋	15	4.08746284125034	2.072905595320056	0.24163179916317992
手法	15	1.0	2.4402239289418524	0.22858341197441542
亚洲	14	11.705632387361415	2.2359263506290326	0.2147424511545293
使孩子	14	1.5849625007211563	2.128085278891395	0.3809078896437581
内脏	14	3.0	2.2359263506290326	0.22841726618705036
再次	14	5.0	2.2359263506290326	0.26346153846153847
减毒	14	2.321928094887362	2.128085278891395	0.3346074683916495
切断	14	4.523561956057013	2.2359263506290326	0.24627293577981652
及时发现	14	3.4594316186372978	2.128085278891395	0.1392235609103079
可分为	14	4.08746284125034	2.5216406363433186	0.2534637326813366
可随	14	1.0	2.2359263506290326	0.13937058445728967
向医生	14	4.0	2.8073549220576046	0.3045875323742852
外观	14	3.3219280948873626	2.128085278891395	0.26952303961196444
宝宝出现	14	2.584962500721156	2.5216406363433186	0.15721761883994767
宝贵	14	6.754887502163469	2.128085278891395	0.26132462530352507
层次	14	5.930737337562887	2.128085278891395	0.11430651619949035
已成为	14	6.357552004618085	2.128085278891395	0.2534637326813366
年期	14	1.5849625007211563	2.128085278891395	0.10157033077180087
底部	14	3.8073549220576037	2.128085278891395	0.17359000337723743
悲观	14	8.353146825498083	2.2359263506290326	0.26952303961196444
排尿	14	5.807354922057605	2.128085278891395	0.125
携带	14	8.647458426454921	2.5216406363433186	0.39209726443769
明显降低	14	5.247927513443585	2.128085278891395	0.12206572769953052
未见	14	4.459431618637297	2.128085278891395	0.4286076591427847
极为	14	1.0	2.5216406363433186	0.2534637326813366
母体	14	2.321928094887362	2.128085278891395	0.2799803004186161
流量	14	1.5849625007211563	2.2359263506290326	0.22186095438462275
生态	14	1.0	2.2359263506290326	0.16591019822037592
疾病给	14	1.0	2.2359263506290326	0.24113009198423127
眼底	14	4.700439718141093	2.2359263506290326	0.1716626002091321
竞争	14	11.857592285697528	2.128085278891395	0.33937282229965154
等多种	14	3.700439718141092	2.5216406363433186	0.25059254471019177
终生	14	2.807354922057604	2.5216406363433186	0.3045875323742852
给您	14	4.459431618637297	2.128085278891395	0.35840418574231525
肿胀	14	5.20945336562895	2.128085278891395	0.12223071046600459
腹直肌	14	8.686500527183219	2.128085278891395	0.28135593220338984
被称为	14	6.357552004618085	2.2359263506290326	0.2534637326813366
裂口	14	4.0	2.128085278891395	0.18991097922848665
要定期	14	3.0	2.2359263506290326	0.25951016154247003
让宝宝	14	4.0	2.2359263506290326	0.17947751821150465
让患儿	14	4.08746284125034	2.2359263506290326	0.3007518796992481
让患者	14	2.0	2.5216406363433186	0.3007518796992481
工程	13	3.8073549220576037	2.1920058354921066	0.11247281022865935
肠胃	13	5.672425341971496	2.5654483718208256	0.14442013129102846
为中国	12	1.5849625007211563	2.584962500721156	0.10215238979674371
乳汁	12	6.672425341971495	2.2516291673878226	0.30930157708400385
伤及	12	1.5849625007211563	2.584962500721156	0.2051785013730875
位或	12	1.0	2.2516291673878226	0.10277653381101656
保健产品	12	5.459431618637297	2.2516291673878226	0.28480813916975445
出席	12	5.672425341971496	2.2516291673878226	0.1554333764553687
前来	12	1.0	2.2516291673878226	0.4260707923476106
可给予	12	2.584962500721156	2.584962500721156	0.3768939393939394
咬合	12	6.209453365628951	2.2516291673878226	0.14935988620199148
导致孩子	12	2.584962500721156	2.2516291673878226	0.1791958041958042
将会	12	1.0	2.2516291673878226	0.2581047381546135
巩固	12	9.415741768290092	2.2516291673878226	0.1814530850675429
已经成为	12	6.129283016944967	2.2516291673878226	0.2534637326813366
常会出现	12	2.807354922057604	2.2516291673878226	0.15721761883994767
开拓	12	8.257387842692651	2.2516291673878226	0.26596858638743454
患者要注意	12	2.0	2.2516291673878226	0.2167381974248927
护理及	12	1.5849625007211563	2.2516291673878226	0.13701253481894152
测量	12	4.321928094887363	2.2516291673878226	0.18344308560677328
痰或	12	1.0	2.584962500721156	0.2433774834437086
种方式	12	3.4594316186372978	2.584962500721156	0.1885369532428356
策划	12	10.01262453886506	2.251629167387823	0.10294117647058823
计划	12	8.861086905995393	2.2516291673878226	0.15510729613733906
交通	10	3.3219280948873626	2.321928094887362	0.15206012615756273
出门	10	2.584962500721156	2.321928094887362	0.1554333764553687
可降低	10	1.0	2.321928094887362	0.12206572769953052
多项	10	2.0	2.1219280948873624	0.19207317073170732
帮助孩子	10	2.584962500721156	2.321928094887362	0.30849220103986136
忍受	10	7.781359713524661	2.321928094887362	0.2016057091882248
或皮	10	1.0	2.321928094887362	0.12798707373075943
或脓	10	2.321928094887362	2.321928094887362	0.1511111111111111
招投标	10	10.309476353841106	2.321928094887362	0.3086747387626472
解剖	10	6.149747119504682	2.321928094887362	0.12941176470588237
试图	10	7.977279923499917	2.321928094887
专门	8	4.392317422778761	2.0	0.2640750670241287
为你	8	1.0	2.0	0.1643575115457756
为我国	8	2.807354922057604	2.0	0.10215238979674371
为风	8	1.0	2.0	0.1643575115457756
以消除	8	3.4594316186372978	2.0	0.22543950361944157
借助	8	6.965784284662088	2.0	0.26675485008818345
全程	8	2.321928094887362	2.0	0.2063141084699957
内积	8	1.0	2.0	0.23707606190319394
冲洗	8	6.714245517666122	2.0	0.13602668643439586
加一些	8	1.0	2.0	0.3546776644237031
及医疗	8	1.0	2.0	0.1392235609103079
及时地	8	2.321928094887362	2.0	0.1392235609103079
喝茶	8	8.169925001442312	2.0	0.30245077206403176
山药	8	4.523561956057013	2.0	0.15104774780310945
彻底治疗	8	4.321928094887363	2.0	0.2217741935483871
患者可能	8	1.0	2.0	0.2167381974248927
或微	8	1.5849625007211563	2.0	0.21668956043956045
扫描	8	12.746304367701304	2.0	0.259927797833935
把手	8	3.4594316186372978	2.0	0.3142497640767537
收费	8	5.807354922057605	2.0	0.2680995475113122
来看一下	8	6.375039431346925	2.0	0.13949345519324607
死亡率	8	6.754887502163469	2.0	0.3298045602605863
独立	8	7.08746284125034	2.0	0.19050261614079594
称之为	8	6.357552004618085	2.0	0.20449308755760368
空洞	8	10.207014320177533	2.0	0.3217178376342061
符合	8	7.948367231584678	2.0	0.14935988620199148
考察	8	6.22881869049588	2.0	0.24197247706422018
耳朵	8	9.974414589805528	2.0	0.1814553269880258
能否	8	2.0	2.0	0.1690964722822174
获取	8	6.247927513443586	2.0	0.31711481007255654
要小心	8	4.0	2.0	0.25951016154247003
要尽快	8	3.0	2.0	0.121415170195658
